159.571	22.0000
159.963	12.0000
160.354	19.0000
160.746	11.0000
161.137	13.0000
161.528	19.0000
161.920	11.0000
162.311	17.0000
162.703	17.0000
163.094	22.0000
163.485	21.0000
163.877	23.0000
164.268	20.0000
164.660	23.0000
165.051	15.0000
165.442	18.0000
165.834	18.0000
166.225	15.0000
166.616	16.0000
167.007	26.0000
167.399	22.0000
167.790	22.0000
168.181	29.0000
168.573	33.0000
168.964	33.0000
169.355	25.0000
169.746	24.0000
170.138	28.0000
170.529	39.0000
170.920	36.0000
171.311	32.0000
171.702	33.0000
172.094	24.0000
172.485	33.0000
172.876	44.0000
173.267	32.0000
173.658	44.0000
174.050	37.0000
174.441	42.0000
174.832	43.0000
175.223	39.0000
175.614	58.0000
176.005	48.0000
176.396	45.0000
176.787	54.0000
177.179	53.0000
177.570	41.0000
177.961	64.0000
178.352	56.0000
178.743	61.0000
179.134	62.0000
179.525	62.0000
179.916	91.0000
180.307	90.0000
180.698	94.0000
181.089	109.0000
181.480	112.0000
181.871	152.0000
182.262	167.0000
182.653	180.0000
183.044	206.0000
183.435	245.0000
183.826	296.0000
184.217	308.0000
184.608	345.0000
184.999	379.0000
185.390	409.0000
185.781	456.0000
186.172	475.0000
186.563	500.0000
186.954	519.0000
187.345	572.0000
187.736	583.0000
188.126	655.0000
188.517	650.0000
188.908	740.0000
189.299	768.0000
189.690	739.0000
190.081	795.0000
190.472	846.0000
190.862	854.0000
191.253	917.0000
191.644	904.0000
192.035	942.0000
192.426	988.0000
192.817	1017.0000
193.207	1044.0000
193.598	1048.0000
193.989	1082.0000
194.380	1112.0000
194.771	1105.0000
195.161	1181.0000
195.552	1194.0000
195.943	1197.0000
196.334	1198.0000
196.724	1226.0000
197.115	1260.0000
197.506	1301.0000
197.897	1258.0000
198.287	1304.0000
198.678	1359.0000
199.069	1354.0000
199.459	1369.0000
199.850	1419.0000
200.241	1441.0000
200.632	1422.0000
201.022	1411.0000
201.413	1481.0000
201.804	1445.0000
202.194	1490.0000
202.585	1508.0000
202.976	1457.0000
203.366	1524.0000
203.757	1466.0000
204.147	1502.0000
204.538	1519.0000
204.929	1544.0000
205.319	1566.0000
205.710	1530.0000
206.101	1550.0000
206.491	1584.0000
206.882	1523.0000
207.272	1570.0000
207.663	1554.0000
208.053	1579.0000
208.444	1560.0000
208.835	1605.0000
209.225	1617.0000
209.616	1612.0000
210.006	1580.0000
210.397	1611.0000
210.787	1568.0000
211.178	1580.0000
211.568	1584.0000
211.959	1626.0000
212.349	1568.0000
212.740	1609.0000
213.130	1638.0000
213.521	1606.0000
213.911	1584.0000
214.302	1595.0000
214.692	1589.0000
215.083	1620.0000
215.473	1606.0000
215.864	1603.0000
216.254	1614.0000
216.645	1586.0000
217.035	1588.0000
217.426	1588.0000
217.816	1608.0000
218.206	1612.0000
218.597	1574.0000
218.987	1591.0000
219.378	1608.0000
219.768	1616.0000
220.159	1627.0000
220.549	1619.0000
220.939	1578.0000
221.330	1594.0000
221.720	1588.0000
222.111	1615.0000
222.501	1607.0000
222.891	1610.0000
223.282	1632.0000
223.672	1598.0000
224.062	1622.0000
224.453	1648.0000
224.843	1663.0000
225.233	1653.0000
225.624	1696.0000
226.014	1675.0000
226.404	1620.0000
226.795	1678.0000
227.185	1671.0000
227.575	1656.0000
227.966	1673.0000
228.356	1673.0000
228.746	1701.0000
229.137	1637.0000
229.527	1707.0000
229.917	1733.0000
230.308	1705.0000
230.698	1711.0000
231.088	1748.0000
231.478	1769.0000
231.869	1726.0000
232.259	1716.0000
232.649	1689.0000
233.040	1770.0000
233.430	1718.0000
233.820	1704.0000
234.210	1752.0000
234.601	1767.0000
234.991	1755.0000
235.381	1750.0000
235.771	1766.0000
236.161	1771.0000
236.552	1735.0000
236.942	1743.0000
237.332	1724.0000
237.722	1756.0000
238.113	1764.0000
238.503	1758.0000
238.893	1755.0000
239.283	1813.0000
239.673	1788.0000
240.064	1743.0000
240.454	1772.0000
240.844	1775.0000
241.234	1807.0000
241.624	1783.0000
242.014	1766.0000
242.405	1808.0000
242.795	1775.0000
243.185	1777.0000
243.575	1808.0000
243.965	1768.0000
244.355	1811.0000
244.746	1794.0000
245.136	1819.0000
245.526	1789.0000
245.916	1812.0000
246.306	1754.0000
246.696	1762.0000
247.086	1787.0000
247.477	1795.0000
247.867	1784.0000
248.257	1793.0000
248.647	1813.0000
249.037	1812.0000
249.427	1818.0000
249.817	1754.0000
250.207	1778.0000
250.598	1767.0000
250.988	1756.0000
251.378	1797.0000
251.768	1749.0000
252.158	1767.0000
252.548	1810.0000
252.938	1786.0000
253.328	1761.0000
253.718	1788.0000
254.108	1744.0000
254.498	1754.0000
254.888	1788.0000
255.279	1793.0000
255.669	1799.0000
256.059	1764.0000
256.449	1762.0000
256.839	1794.0000
257.229	1762.0000
257.619	1734.0000
258.009	1736.0000
258.399	1746.0000
258.789	1717.0000
259.179	1720.0000
259.569	1710.0000
259.959	1669.0000
260.349	1695.0000
260.739	1678.0000
261.129	1664.0000
261.519	1689.0000
261.909	1705.0000
262.299	1654.0000
262.689	1634.0000
263.079	1660.0000
263.469	1627.0000
263.859	1660.0000
264.249	1646.0000
264.639	1626.0000
265.029	1645.0000
265.419	1629.0000
265.810	1645.0000
266.199	1607.0000
266.589	1614.0000
266.979	1584.0000
267.369	1590.0000
267.759	1616.0000
268.149	1617.0000
268.539	1599.0000
268.929	1597.0000
269.319	1597.0000
269.709	1566.0000
270.099	1623.0000
270.489	1587.0000
270.879	1584.0000
271.269	1576.0000
271.659	1563.0000
272.049	1575.0000
272.439	1579.0000
272.829	1583.0000
273.219	1618.0000
273.609	1593.0000
273.999	1565.0000
274.389	1584.0000
274.779	1573.0000
275.169	1586.0000
275.559	1569.0000
275.949	1579.0000
276.339	1574.0000
276.729	1554.0000
277.119	1594.0000
277.509	1526.0000
277.899	1572.0000
278.289	1573.0000
278.679	1562.0000
279.069	1592.0000
279.459	1555.0000
279.849	1558.0000
280.238	1562.0000
280.628	1575.0000
281.018	1544.0000
281.408	1571.0000
281.798	1547.0000
282.188	1548.0000
282.578	1589.0000
282.968	1573.0000
283.358	1521.0000
283.748	1584.0000
284.138	1566.0000
284.528	1618.0000
284.918	1563.0000
285.308	1599.0000
285.698	1592.0000
286.088	1610.0000
286.478	1581.0000
286.867	1541.0000
287.257	1559.0000
287.647	1606.0000
288.037	1603.0000
288.427	1562.0000
288.817	1600.0000
289.207	1613.0000
289.597	1556.0000
289.987	1575.0000
290.377	1611.0000
290.767	1555.0000
291.157	1536.0000
291.547	1593.0000
291.937	1529.0000
292.327	1597.0000
292.716	1575.0000
293.106	1545.0000
293.496	1575.0000
293.886	1571.0000
294.276	1543.0000
294.666	1495.0000
295.056	1529.0000
295.446	1547.0000
295.836	1551.0000
296.226	1560.0000
296.616	1562.0000
297.006	1520.0000
297.396	1525.0000
297.785	1541.0000
298.175	1557.0000
298.565	1524.0000
298.955	1491.0000
299.345	1500.0000
299.735	1502.0000
300.125	1489.0000
300.515	1498.0000
300.905	1500.0000
301.295	1481.0000
301.685	1481.0000
302.075	1489.0000
302.465	1471.0000
302.854	1477.0000
303.244	1447.0000
303.634	1440.0000
304.024	1421.0000
304.414	1434.0000
304.804	1444.0000
305.194	1482.0000
305.584	1392.0000
305.974	1416.0000
306.364	1419.0000
306.754	1362.0000
307.144	1391.0000
307.534	1393.0000
307.924	1356.0000
308.314	1371.0000
308.703	1368.0000
309.093	1354.0000
309.483	1345.0000
309.873	1321.0000
310.263	1333.0000
310.653	1336.0000
311.043	1303.0000
311.433	1292.0000
311.823	1314.0000
312.213	1276.0000
312.603	1274.0000
312.993	1305.0000
313.383	1255.0000
313.773	1251.0000
314.163	1272.0000
314.553	1254.0000
314.943	1255.0000
315.332	1219.0000
315.722	1233.0000
316.112	1207.0000
316.502	1202.0000
316.892	1199.0000
317.282	1223.0000
317.672	1207.0000
318.062	1171.0000
318.452	1192.0000
318.842	1186.0000
319.232	1142.0000
319.622	1155.0000
320.012	1180.0000
320.402	1134.0000
320.792	1149.0000
321.182	1179.0000
321.572	1124.0000
321.962	1095.0000
322.352	1137.0000
322.742	1095.0000
323.132	1100.0000
323.522	1088.0000
323.912	1088.0000
324.302	1083.0000
324.692	1065.0000
325.082	1047.0000
325.472	1018.0000
325.862	1024.0000
326.252	1053.0000
326.642	1028.0000
327.032	1024.0000
327.422	1008.0000
327.812	1002.0000
328.202	999.0000
328.592	994.0000
328.982	1023.0000
329.372	994.0000
329.762	965.0000
330.152	959.0000
330.542	961.0000
330.932	973.0000
331.322	958.0000
331.712	947.0000
332.102	937.0000
332.492	956.0000
332.882	931.0000
333.272	915.0000
333.662	921.0000
334.052	923.0000
334.442	884.0000
334.832	923.0000
335.222	912.0000
335.612	886.0000
336.002	880.0000
336.392	892.0000
336.782	851.0000
337.172	849.0000
337.562	853.0000
337.952	861.0000
338.342	832.0000
338.733	828.0000
339.123	830.0000
339.513	833.0000
339.903	817.0000
340.293	794.0000
340.683	768.0000
341.073	748.0000
341.463	738.0000
341.853	702.0000
342.243	648.0000
342.633	552.0000
343.023	505.0000
343.413	406.0000
343.804	357.0000
344.194	557.0000
344.584	1026.0000
344.974	1177.0000
345.364	904.0000
345.754	804.0000
346.144	782.0000
346.534	777.0000
346.924	736.0000
347.315	781.0000
347.705	736.0000
348.095	694.0000
348.485	543.0000
348.875	424.0000
349.265	559.0000
349.655	1057.0000
350.046	1101.0000
350.436	827.0000
350.826	734.0000
351.216	715.0000
351.606	725.0000
351.996	690.0000
352.387	683.0000
352.777	659.0000
353.167	659.0000
353.557	685.0000
353.947	670.0000
354.337	655.0000
354.728	657.0000
355.118	639.0000
355.508	624.0000
355.898	616.0000
356.288	597.0000
356.679	613.0000
357.069	596.0000
357.459	599.0000
357.849	589.0000
358.240	563.0000
358.630	599.0000
359.020	555.0000
359.410	582.0000
359.801	580.0000
360.191	584.0000
360.581	557.0000
360.971	561.0000
361.362	557.0000
361.752	576.0000
362.142	530.0000
362.532	557.0000
362.923	552.0000
363.313	530.0000
363.703	531.0000
364.093	526.0000
364.484	535.0000
364.874	531.0000
365.264	531.0000
365.655	539.0000
366.045	538.0000
366.435	521.0000
366.826	535.0000
367.216	539.0000
367.606	519.0000
367.996	533.0000
368.387	486.0000
368.777	509.0000
369.168	474.0000
369.558	488.0000
369.948	500.0000
370.339	488.0000
370.729	497.0000
371.119	471.0000
371.510	496.0000
371.900	488.0000
372.290	486.0000
372.681	492.0000
373.071	483.0000
373.462	479.0000
373.852	488.0000
374.242	461.0000
374.633	467.0000
375.023	465.0000
375.414	484.0000
375.804	478.0000
376.195	489.0000
376.585	483.0000
376.975	493.0000
377.366	493.0000
377.756	479.0000
378.147	475.0000
378.537	477.0000
378.928	498.0000
379.318	500.0000
379.709	488.0000
380.099	493.0000
380.490	484.0000
380.880	503.0000
381.271	475.0000
381.661	481.0000
382.052	478.0000
382.442	479.0000
382.833	463.0000
383.223	489.0000
383.614	467.0000
384.004	463.0000
384.395	455.0000
384.785	470.0000
385.176	484.0000
385.566	461.0000
385.957	486.0000
386.347	492.0000
386.738	455.0000
387.129	475.0000
387.519	483.0000
387.910	468.0000
388.300	464.0000
388.691	464.0000
389.082	477.0000
389.472	457.0000
389.863	472.0000
390.253	469.0000
390.644	473.0000
391.035	473.0000
391.425	485.0000
391.816	465.0000
392.207	485.0000
392.597	463.0000
392.988	446.0000
393.379	460.0000
393.769	469.0000
394.160	449.0000
394.551	438.0000
394.941	440.0000
395.332	459.0000
395.723	468.0000
396.114	467.0000
396.504	486.0000
396.895	466.0000
397.286	476.0000
397.676	470.0000
398.067	462.0000
398.458	458.0000
398.849	463.0000
399.240	463.0000
399.630	455.0000
400.021	430.0000
400.412	441.0000
400.803	442.0000
401.193	453.0000
401.584	442.0000
401.975	427.0000
402.366	452.0000
402.757	419.0000
403.148	427.0000
403.538	453.0000
403.929	441.0000
404.320	429.0000
404.711	437.0000
405.102	426.0000
405.493	456.0000
405.884	401.0000
406.274	434.0000
406.665	417.0000
407.056	417.0000
407.447	420.0000
407.838	424.0000
408.229	423.0000
408.620	417.0000
409.011	410.0000
409.402	402.0000
409.793	415.0000
410.184	403.0000
410.575	412.0000
410.966	423.0000
411.357	432.0000
411.748	430.0000
412.139	419.0000
412.530	397.0000
412.921	423.0000
413.312	405.0000
413.703	434.0000
414.094	425.0000
414.485	409.0000
414.876	415.0000
415.267	389.0000
415.658	403.0000
416.049	392.0000
416.440	398.0000
416.831	395.0000
417.222	394.0000
417.613	384.0000
418.004	398.0000
418.395	410.0000
418.787	406.0000
419.178	422.0000
419.569	405.0000
419.960	412.0000
420.351	422.0000
420.742	430.0000
421.133	437.0000
421.525	423.0000
421.916	429.0000
422.307	418.0000
422.698	414.0000
423.089	388.0000
423.481	386.0000
423.872	423.0000
424.263	390.0000
424.654	398.0000
425.046	384.0000
425.437	395.0000
425.828	423.0000
426.219	387.0000
426.611	383.0000
427.002	414.0000
427.393	403.0000
427.785	422.0000
428.176	408.0000
428.567	402.0000
428.958	426.0000
429.350	404.0000
429.741	416.0000
430.133	380.0000
430.524	386.0000
430.915	387.0000
431.307	375.0000
431.698	384.0000
432.089	389.0000
432.481	380.0000
432.872	413.0000
433.264	401.0000
433.655	372.0000
434.047	425.0000
434.438	380.0000
434.829	342.0000
435.221	388.0000
435.612	379.0000
436.004	374.0000
436.395	391.0000
436.787	363.0000
437.178	370.0000
437.570	364.0000
437.961	376.0000
438.353	379.0000
438.744	378.0000
439.136	391.0000
439.528	395.0000
439.919	421.0000
440.311	438.0000
440.702	438.0000
441.094	418.0000
441.486	426.0000
441.877	408.0000
442.269	435.0000
442.660	412.0000
443.052	425.0000
443.444	414.0000
443.835	429.0000
444.227	401.0000
444.619	428.0000
445.010	426.0000
445.402	417.0000
445.794	399.0000
446.186	448.0000
446.577	392.0000
446.969	434.0000
447.361	413.0000
447.753	423.0000
448.144	418.0000
448.536	435.0000
448.928	407.0000
449.320	418.0000
449.711	381.0000
450.103	390.0000
450.495	398.0000
450.887	388.0000
451.279	396.0000
451.671	396.0000
452.062	404.0000
452.454	394.0000
452.846	373.0000
453.238	374.0000
453.630	366.0000
454.022	366.0000
454.414	381.0000
454.806	395.0000
455.198	361.0000
455.590	375.0000
455.982	374.0000
456.374	369.0000
456.766	395.0000
457.158	384.0000
457.550	403.0000
457.942	381.0000
458.334	360.0000
458.726	379.0000
459.118	362.0000
459.510	338.0000
459.902	352.0000
460.294	338.0000
460.686	353.0000
461.078	342.0000
461.470	357.0000
461.862	354.0000
462.254	388.0000
462.647	380.0000
463.039	393.0000
463.431	359.0000
463.823	370.0000
464.215	358.0000
464.607	376.0000
465.000	353.0000
465.392	363.0000
465.784	338.0000
466.176	332.0000
466.569	330.0000
466.961	309.0000
467.353	309.0000
467.745	307.0000
468.138	297.0000
468.530	309.0000
468.922	302.0000
469.315	302.0000
469.707	269.0000
470.099	299.0000
470.492	304.0000
470.884	314.0000
471.276	313.0000
471.669	317.0000
472.061	305.0000
472.453	341.0000
472.846	326.0000
473.238	306.0000
473.631	321.0000
474.023	327.0000
474.416	313.0000
474.808	311.0000
475.201	312.0000
475.593	308.0000
475.986	286.0000
476.378	328.0000
476.771	302.0000
477.163	310.0000
477.556	306.0000
477.948	299.0000
478.341	317.0000
478.733	329.0000
479.126	333.0000
479.519	312.0000
479.911	315.0000
480.304	316.0000
480.697	329.0000
481.089	314.0000
481.482	325.0000
481.875	308.0000
482.267	332.0000
482.660	350.0000
483.053	381.0000
483.445	433.0000
483.838	493.0000
484.231	512.0000
484.624	517.0000
485.016	508.0000
485.409	490.0000
485.802	429.0000
486.195	380.0000
486.588	339.0000
486.980	311.0000
487.373	302.0000
487.766	303.0000
488.159	282.0000
488.552	279.0000
488.945	274.0000
489.338	291.0000
489.731	296.0000
490.124	292.0000
490.517	306.0000
490.909	295.0000
491.302	310.0000
491.695	299.0000
492.088	304.0000
492.481	283.0000
492.874	285.0000
493.267	284.0000
493.661	304.0000
494.054	310.0000
494.447	299.0000
494.840	284.0000
495.233	300.0000
495.626	281.0000
496.019	312.0000
496.412	310.0000
496.805	283.0000
497.198	319.0000
497.592	310.0000
497.985	307.0000
498.378	298.0000
498.771	302.0000
499.164	301.0000
499.558	300.0000
499.951	306.0000
500.344	285.0000
500.737	297.0000
501.131	296.0000
501.524	308.0000
501.917	322.0000
502.311	278.0000
502.704	291.0000
503.097	289.0000
503.491	285.0000
503.884	306.0000
504.277	279.0000
504.671	264.0000
505.064	282.0000
505.458	284.0000
505.851	272.0000
506.245	289.0000
506.638	281.0000
507.031	277.0000
507.425	290.0000
507.818	301.0000
508.212	289.0000
508.605	292.0000
508.999	287.0000
509.393	290.0000
509.786	272.0000
510.180	281.0000
510.573	280.0000
510.967	296.0000
511.361	281.0000
511.754	275.0000
512.148	278.0000
512.542	282.0000
512.935	310.0000
513.329	292.0000
513.723	282.0000
514.116	310.0000
514.510	298.0000
514.904	265.0000
515.298	298.0000
515.691	289.0000
516.085	287.0000
516.479	282.0000
516.873	297.0000
517.267	290.0000
517.660	279.0000
518.054	295.0000
518.448	271.0000
518.842	279.0000
519.236	291.0000
519.630	297.0000
520.024	268.0000
520.418	276.0000
520.812	282.0000
521.206	302.0000
521.600	280.0000
521.994	299.0000
522.388	273.0000
522.782	288.0000
523.176	269.0000
523.570	275.0000
523.964	283.0000
524.358	258.0000
524.752	262.0000
525.146	278.0000
525.540	277.0000
525.934	295.0000
526.329	302.0000
526.723	296.0000
527.117	292.0000
527.511	281.0000
527.905	284.0000
528.300	292.0000
528.694	281.0000
529.088	291.0000
529.482	276.0000
529.877	270.0000
530.271	272.0000
530.665	274.0000
531.060	306.0000
531.454	301.0000
531.848	286.0000
532.243	304.0000
532.637	316.0000
533.031	286.0000
533.426	296.0000
533.820	289.0000
534.215	307.0000
534.609	285.0000
535.004	293.0000
535.398	295.0000
535.793	317.0000
536.187	295.0000
536.582	303.0000
536.976	296.0000
537.371	321.0000
537.766	300.0000
538.160	303.0000
538.555	305.0000
538.949	325.0000
539.344	298.0000
539.739	306.0000
540.133	312.0000
540.528	304.0000
540.923	299.0000
541.317	318.0000
541.712	310.0000
542.107	309.0000
542.502	331.0000
542.897	311.0000
543.291	293.0000
543.686	314.0000
544.081	319.0000
544.476	317.0000
544.871	302.0000
545.266	305.0000
545.661	318.0000
546.055	329.0000
546.450	305.0000
546.845	317.0000
547.240	311.0000
547.635	330.0000
548.030	303.0000
548.425	304.0000
548.820	311.0000
549.215	293.0000
549.610	316.0000
550.005	303.0000
550.400	292.0000
550.796	307.0000
551.191	319.0000
551.586	298.0000
551.981	310.0000
552.376	291.0000
552.771	306.0000
553.166	296.0000
553.562	297.0000
553.957	316.0000
554.352	307.0000
554.747	341.0000
555.143	312.0000
555.538	315.0000
555.933	298.0000
556.329	295.0000
556.724	311.0000
557.119	314.0000
557.515	307.0000
557.910	331.0000
558.306	320.0000
558.701	317.0000
559.096	314.0000
559.492	315.0000
559.887	318.0000
560.283	331.0000
560.678	322.0000
561.074	323.0000
561.469	327.0000
561.865	348.0000
562.260	326.0000
562.656	328.0000
563.052	329.0000
563.447	326.0000
563.843	317.0000
564.239	348.0000
564.634	336.0000
565.030	367.0000
565.426	364.0000
565.821	366.0000
566.217	372.0000
566.613	409.0000
567.009	418.0000
567.405	437.0000
567.800	458.0000
568.196	495.0000
568.592	510.0000
568.988	493.0000
569.384	534.0000
569.780	521.0000
570.176	525.0000
570.572	531.0000
570.967	555.0000
571.363	555.0000
571.759	585.0000
572.155	590.0000
572.551	569.0000
572.948	597.0000
573.344	596.0000
573.740	606.0000
574.136	603.0000
574.532	635.0000
574.928	660.0000
575.324	693.0000
575.720	704.0000
576.116	717.0000
576.513	723.0000
576.909	711.0000
577.305	672.0000
577.701	683.0000
578.098	713.0000
578.494	728.0000
578.890	764.0000
579.286	774.0000
579.683	847.0000
580.079	825.0000
580.475	814.0000
580.872	770.0000
581.268	678.0000
581.665	652.0000
582.061	652.0000
582.458	653.0000
582.854	690.0000
583.251	681.0000
583.647	673.0000
584.044	699.0000
584.440	685.0000
584.837	675.0000
585.233	664.0000
585.630	649.0000
586.027	634.0000
586.423	637.0000
586.820	599.0000
587.217	602.0000
587.613	561.0000
588.010	512.0000
588.407	523.0000
588.804	508.0000
589.200	501.0000
589.597	526.0000
589.994	542.0000
590.391	552.0000
590.788	585.0000
591.184	574.0000
591.581	594.0000
591.978	610.0000
592.375	606.0000
592.772	577.0000
593.169	585.0000
593.566	569.0000
593.963	560.0000
594.360	574.0000
594.757	549.0000
595.154	516.0000
595.551	495.0000
595.948	517.0000
596.345	537.0000
596.742	540.0000
597.140	574.0000
597.537	586.0000
597.934	542.0000
598.331	581.0000
598.728	567.0000
599.125	556.0000
599.523	566.0000
599.920	580.0000
600.317	589.0000
600.715	554.0000
601.112	566.0000
601.509	569.0000
601.907	578.0000
602.304	565.0000
602.702	520.0000
603.099	545.0000
603.496	558.0000
603.894	526.0000
604.291	548.0000
604.689	521.0000
605.086	523.0000
605.484	513.0000
605.882	530.0000
606.279	523.0000
606.677	490.0000
607.074	517.0000
607.472	498.0000
607.870	519.0000
608.267	513.0000
608.665	489.0000
609.063	499.0000
609.461	502.0000
609.858	473.0000
610.256	500.0000
610.654	523.0000
611.052	506.0000
611.449	504.0000
611.847	523.0000
612.245	534.0000
612.643	530.0000
613.041	556.0000
613.439	521.0000
613.837	555.0000
614.235	512.0000
614.633	506.0000
615.031	497.0000
615.429	485.0000
615.827	490.0000
616.225	516.0000
616.623	465.0000
617.021	418.0000
617.419	336.0000
617.818	276.0000
618.216	177.0000
618.614	154.0000
619.012	215.0000
619.410	269.0000
619.809	279.0000
620.207	289.0000
620.605	323.0000
621.004	360.0000
621.402	397.0000
621.800	454.0000
622.199	295.0000
622.597	186.0000
622.996	240.0000
623.394	418.0000
623.792	570.0000
624.191	616.0000
624.589	522.0000
624.988	461.0000
625.387	425.0000
625.785	392.0000
626.184	405.0000
626.582	398.0000
626.981	418.0000
627.380	398.0000
627.778	401.0000
628.177	382.0000
628.576	375.0000
628.974	378.0000
629.373	375.0000
629.772	387.0000
630.171	416.0000
630.570	416.0000
630.968	444.0000
631.367	430.0000
631.766	427.0000
632.165	394.0000
632.564	407.0000
632.963	401.0000
633.362	398.0000
633.761	426.0000
634.160	397.0000
634.559	434.0000
634.958	397.0000
635.357	388.0000
635.756	403.0000
636.155	379.0000
636.554	366.0000
636.954	380.0000
637.353	388.0000
637.752	377.0000
638.151	353.0000
638.550	350.0000
638.950	350.0000
639.349	344.0000
639.748	360.0000
640.148	365.0000
640.547	363.0000
640.946	340.0000
641.346	341.0000
641.745	351.0000
642.145	335.0000
642.544	330.0000
642.943	354.0000
643.343	328.0000
643.742	336.0000
644.142	345.0000
644.542	345.0000
644.941	374.0000
645.341	355.0000
645.740	372.0000
646.140	370.0000
646.540	391.0000
646.940	352.0000
647.339	370.0000
647.739	361.0000
648.139	404.0000
648.539	391.0000
648.938	390.0000
649.338	368.0000
649.738	382.0000
650.138	364.0000
650.538	374.0000
650.938	356.0000
651.338	387.0000
651.738	431.0000
652.138	527.0000
652.538	750.0000
652.938	1090.0000
653.338	1470.0000
653.738	1825.0000
654.138	1939.0000
654.538	1947.0000
654.938	1683.0000
655.338	1312.0000
655.739	916.0000
656.139	593.0000
656.539	430.0000
656.939	389.0000
657.339	356.0000
657.740	350.0000
658.140	328.0000
658.540	344.0000
658.941	339.0000
659.341	334.0000
659.742	338.0000
660.142	337.0000
660.542	360.0000
660.943	338.0000
661.343	332.0000
661.744	349.0000
662.145	329.0000
662.545	356.0000
662.946	355.0000
663.346	337.0000
663.747	363.0000
664.148	356.0000
664.548	358.0000
664.949	377.0000
665.350	364.0000
665.751	372.0000
666.151	359.0000
666.552	359.0000
666.953	361.0000
667.354	348.0000
667.755	356.0000
668.156	371.0000
668.557	361.0000
668.958	371.0000
669.358	352.0000
669.759	335.0000
670.160	375.0000
670.562	377.0000
670.963	389.0000
671.364	366.0000
671.765	373.0000
672.166	371.0000
672.567	357.0000
672.968	368.0000
673.369	350.0000
673.771	351.0000
674.172	347.0000
674.573	342.0000
674.975	368.0000
675.376	354.0000
675.777	348.0000
676.179	360.0000
676.580	361.0000
676.981	366.0000
677.383	377.0000
677.784	400.0000
678.186	383.0000
678.587	409.0000
678.989	387.0000
679.390	368.0000
679.792	377.0000
680.194	372.0000
680.595	380.0000
680.997	379.0000
681.398	385.0000
681.800	376.0000
682.202	387.0000
682.604	390.0000
683.006	404.0000
683.407	385.0000
683.809	398.0000
684.211	405.0000
684.613	377.0000
685.015	386.0000
685.417	391.0000
685.819	391.0000
686.221	404.0000
686.623	403.0000
687.025	388.0000
687.427	384.0000
687.829	404.0000
688.231	403.0000
688.633	390.0000
689.035	405.0000
689.437	394.0000
689.839	400.0000
690.242	399.0000
690.644	388.0000
691.046	418.0000
691.448	407.0000
691.851	387.0000
692.253	389.0000
692.656	377.0000
693.058	373.0000
693.460	363.0000
693.863	380.0000
694.265	377.0000
694.668	382.0000
695.070	405.0000
695.473	422.0000
695.875	398.0000
696.278	408.0000
696.681	390.0000
697.083	390.0000
697.486	384.0000
697.889	379.0000
698.291	369.0000
698.694	388.0000
699.097	360.0000
699.500	378.0000
699.902	383.0000
700.305	384.0000
700.708	377.0000
701.111	396.0000
701.514	384.0000
701.917	374.0000
702.320	385.0000
702.723	379.0000
703.126	372.0000
703.529	397.0000
703.932	379.0000
704.335	417.0000
704.738	395.0000
705.141	411.0000
705.545	404.0000
705.948	410.0000
706.351	409.0000
706.754	380.0000
707.157	396.0000
707.561	408.0000
707.964	412.0000
708.367	381.0000
708.771	385.0000
709.174	378.0000
709.578	403.0000
709.981	380.0000
710.385	374.0000
710.788	382.0000
711.192	377.0000
711.595	391.0000
711.999	392.0000
712.402	359.0000
712.806	378.0000
713.210	381.0000
713.613	348.0000
714.017	394.0000
714.421	378.0000
714.825	386.0000
715.229	392.0000
715.632	375.0000
716.036	359.0000
716.440	377.0000
716.844	372.0000
717.248	355.0000
717.652	395.0000
718.056	373.0000
718.460	391.0000
718.864	387.0000
719.268	362.0000
719.672	383.0000
720.076	365.0000
720.480	362.0000
720.884	352.0000
721.289	373.0000
721.693	384.0000
722.097	378.0000
722.501	365.0000
722.906	371.0000
723.310	367.0000
723.714	385.0000
724.119	392.0000
724.523	382.0000
724.927	371.0000
725.332	356.0000
725.736	380.0000
726.141	369.0000
726.545	365.0000
726.950	361.0000
727.355	360.0000
727.759	374.0000
728.164	386.0000
728.569	359.0000
728.973	396.0000
729.378	366.0000
729.783	347.0000
730.188	381.0000
730.592	356.0000
730.997	395.0000
731.402	397.0000
731.807	403.0000
732.212	386.0000
732.617	401.0000
733.022	411.0000
733.427	414.0000
733.832	398.0000
734.237	399.0000
734.642	398.0000
735.047	392.0000
735.452	415.0000
735.857	382.0000
736.263	398.0000
736.668	394.0000
737.073	382.0000
737.478	381.0000
737.884	385.0000
738.289	389.0000
738.694	399.0000
739.100	366.0000
739.505	382.0000
739.911	365.0000
740.316	362.0000
740.721	369.0000
741.127	359.0000
741.532	383.0000
741.938	363.0000
742.344	353.0000
742.749	361.0000
743.155	345.0000
743.561	378.0000
743.966	365.0000
744.372	343.0000
744.778	367.0000
745.184	350.0000
745.590	341.0000
745.995	377.0000
746.401	336.0000
746.807	345.0000
747.213	367.0000
747.619	383.0000
748.025	387.0000
748.431	371.0000
748.837	385.0000
749.243	388.0000
749.649	369.0000
750.056	371.0000
750.462	393.0000
750.868	376.0000
751.274	395.0000
751.680	394.0000
752.087	366.0000
752.493	383.0000
752.899	361.0000
753.306	377.0000
753.712	384.0000
754.119	389.0000
754.525	377.0000
754.932	416.0000
755.338	423.0000
755.744	407.0000
756.151	408.0000
756.558	422.0000
756.964	407.0000
757.371	413.0000
757.778	419.0000
758.184	424.0000
758.591	424.0000
758.998	423.0000
759.405	409.0000
759.811	406.0000
760.218	389.0000
760.625	390.0000
761.032	397.0000
761.439	399.0000
761.846	421.0000
762.253	418.0000
762.660	424.0000
763.067	425.0000
763.474	432.0000
763.881	422.0000
764.289	405.0000
764.696	404.0000
765.103	407.0000
765.510	379.0000
765.917	389.0000
766.325	423.0000
766.732	399.0000
767.139	439.0000
767.547	415.0000
767.954	413.0000
768.362	411.0000
768.769	416.0000
769.177	409.0000
769.584	401.0000
769.992	389.0000
770.399	399.0000
770.807	370.0000
771.215	366.0000
771.622	391.0000
772.030	344.0000
772.438	371.0000
772.845	353.0000
773.253	366.0000
773.661	364.0000
774.069	380.0000
774.477	358.0000
774.885	374.0000
775.293	365.0000
775.701	349.0000
776.109	360.0000
776.517	365.0000
776.925	375.0000
777.333	334.0000
777.741	337.0000
778.149	351.0000
778.557	342.0000
778.965	349.0000
779.374	358.0000
779.782	367.0000
780.190	351.0000
780.599	362.0000
781.007	370.0000
781.415	337.0000
781.824	343.0000
782.232	325.0000
782.641	322.0000
783.049	338.0000
783.458	327.0000
783.866	320.0000
784.275	328.0000
784.684	348.0000
785.092	347.0000
785.501	365.0000
785.910	356.0000
786.318	345.0000
786.727	327.0000
787.136	342.0000
787.545	340.0000
787.954	331.0000
788.363	321.0000
788.772	316.0000
789.181	299.0000
789.590	309.0000
789.999	297.0000
790.408	299.0000
790.817	290.0000
791.226	294.0000
791.635	324.0000
792.044	298.0000
792.454	321.0000
792.863	341.0000
793.272	322.0000
793.681	320.0000
794.091	316.0000
794.500	297.0000
794.910	290.0000
795.319	283.0000
795.728	288.0000
796.138	290.0000
796.547	298.0000
796.957	285.0000
797.367	282.0000
797.776	275.0000
798.186	279.0000
798.596	294.0000
799.005	312.0000
799.415	299.0000
799.825	306.0000
800.235	283.0000
800.644	289.0000
801.054	287.0000
801.464	289.0000
801.874	291.0000
802.284	266.0000
802.694	282.0000
803.104	280.0000
803.514	280.0000
803.924	267.0000
804.334	304.0000
804.745	288.0000
805.155	289.0000
805.565	325.0000
805.975	310.0000
806.386	297.0000
806.796	279.0000
807.206	286.0000
807.617	286.0000
808.027	294.0000
808.438	286.0000
808.848	296.0000
809.258	270.0000
809.669	285.0000
810.080	275.0000
810.490	281.0000
810.901	278.0000
811.312	276.0000
811.722	272.0000
812.133	270.0000
812.544	265.0000
812.954	301.0000
813.365	252.0000
813.776	268.0000
814.187	288.0000
814.598	262.0000
815.009	271.0000
815.420	261.0000
815.831	235.0000
816.242	243.0000
816.653	250.0000
817.064	255.0000
817.475	253.0000
817.887	252.0000
818.298	248.0000
818.709	254.0000
819.120	253.0000
819.532	267.0000
819.943	256.0000
820.354	272.0000
820.766	278.0000
821.177	257.0000
821.589	275.0000
822.000	260.0000
822.412	267.0000
822.823	279.0000
823.235	249.0000
823.647	255.0000
824.058	262.0000
824.470	262.0000
824.882	285.0000
825.293	272.0000
825.705	269.0000
826.117	272.0000
826.529	259.0000
826.941	257.0000
827.353	261.0000
827.765	249.0000
828.177	259.0000
828.589	258.0000
829.001	244.0000
829.413	243.0000
829.825	247.0000
830.237	248.0000
830.649	246.0000
831.062	252.0000
831.474	257.0000
831.886	252.0000
832.299	262.0000
832.711	254.0000
833.123	244.0000
833.536	260.0000
833.948	262.0000
834.361	253.0000
834.773	248.0000
835.186	248.0000
835.599	241.0000
836.011	229.0000
836.424	219.0000
836.837	242.0000
837.249	240.0000
837.662	240.0000
838.075	227.0000
838.488	225.0000
838.901	237.0000
839.313	212.0000
839.726	220.0000
840.139	231.0000
840.552	233.0000
840.965	253.0000
841.378	237.0000
841.792	228.0000
842.205	231.0000
842.618	217.0000
843.031	228.0000
843.444	241.0000
843.858	226.0000
844.271	240.0000
844.684	228.0000
845.098	238.0000
845.511	223.0000
845.924	225.0000
846.338	216.0000
846.752	217.0000
847.165	224.0000
847.579	223.0000
847.992	212.0000
848.406	215.0000
848.820	220.0000
849.233	217.0000
849.647	219.0000
850.061	210.0000
850.475	211.0000
850.888	225.0000
851.302	224.0000
851.716	248.0000
852.130	240.0000
852.544	264.0000
852.958	253.0000
853.372	262.0000
853.786	245.0000
854.201	231.0000
854.615	228.0000
855.029	238.0000
855.443	234.0000
855.858	242.0000
856.272	229.0000
856.686	225.0000
857.100	233.0000
857.515	237.0000
857.929	214.0000
858.344	223.0000
858.758	216.0000
859.173	240.0000
859.588	232.0000
860.002	226.0000
860.417	243.0000
860.831	229.0000
861.246	208.0000
861.661	209.0000
862.076	220.0000
862.491	214.0000
862.906	211.0000
863.320	211.0000
863.735	220.0000
864.150	209.0000
864.565	211.0000
864.980	221.0000
865.395	232.0000
865.811	227.0000
866.226	202.0000
866.641	231.0000
867.056	231.0000
867.471	213.0000
867.887	227.0000
868.302	208.0000
868.717	196.0000
869.133	214.0000
869.548	212.0000
869.964	230.0000
870.379	239.0000
870.795	236.0000
871.210	219.0000
871.626	222.0000
872.042	195.0000
872.457	224.0000
872.873	216.0000
873.289	221.0000
873.704	225.0000
874.120	208.0000
874.536	231.0000
874.952	215.0000
875.368	212.0000
875.784	226.0000
876.200	232.0000
876.616	227.0000
877.032	224.0000
877.448	218.0000
877.864	246.0000
878.280	232.0000
878.697	213.0000
879.113	229.0000
879.529	222.0000
879.945	219.0000
880.362	220.0000
880.778	211.0000
881.195	240.0000
881.611	214.0000
882.028	203.0000
882.444	207.0000
882.861	222.0000
883.277	212.0000
883.694	205.0000
884.111	185.0000
884.528	211.0000
884.944	203.0000
885.361	220.0000
885.778	216.0000
886.195	214.0000
886.612	224.0000
887.029	225.0000
887.446	231.0000
887.863	232.0000
888.280	228.0000
888.697	243.0000
889.114	238.0000
889.531	231.0000
889.948	230.0000
890.366	236.0000
890.783	238.0000
891.200	210.0000
891.618	238.0000
892.035	247.0000
892.452	223.0000
892.870	215.0000
893.287	214.0000
893.705	230.0000
894.122	225.0000
894.540	224.0000
894.958	230.0000
895.375	227.0000
895.793	209.0000
896.211	203.0000
896.629	214.0000
897.046	215.0000
897.464	232.0000
897.882	202.0000
898.300	204.0000
898.718	202.0000
899.136	208.0000
899.554	205.0000
899.972	190.0000
900.390	193.0000
900.809	204.0000
901.227	200.0000
901.645	192.0000
902.063	211.0000
902.482	213.0000
902.900	195.0000
903.318	180.0000
903.737	198.0000
904.155	208.0000
904.574	210.0000
904.992	208.0000
905.411	193.0000
905.829	196.0000
906.248	203.0000
906.667	194.0000
907.086	193.0000
907.504	180.0000
907.923	197.0000
908.342	192.0000
908.761	187.0000
909.180	180.0000
909.599	189.0000
910.018	190.0000
910.437	192.0000
910.856	174.0000
911.275	192.0000
911.694	199.0000
912.113	164.0000
912.532	185.0000
912.952	166.0000
913.371	180.0000
913.790	187.0000
914.210	182.0000
914.629	166.0000
915.049	174.0000
915.468	174.0000
915.888	174.0000
916.307	175.0000
916.727	172.0000
917.146	178.0000
917.566	170.0000
917.986	180.0000
918.406	190.0000
918.825	187.0000
919.245	197.0000
919.665	177.0000
920.085	178.0000
920.505	195.0000
920.925	159.0000
921.345	179.0000
921.765	176.0000
922.185	168.0000
922.605	174.0000
923.026	164.0000
923.446	180.0000
923.866	181.0000
924.286	167.0000
924.707	179.0000
925.127	162.0000
925.547	155.0000
925.968	155.0000
926.388	156.0000
926.809	165.0000
927.229	159.0000
927.650	163.0000
928.071	173.0000
928.491	160.0000
928.912	185.0000
929.333	184.0000
929.754	158.0000
930.175	163.0000
930.595	153.0000
931.016	154.0000
931.437	170.0000
931.858	167.0000
932.279	164.0000
932.700	162.0000
933.122	149.0000
933.543	156.0000
933.964	147.0000
934.385	137.0000
934.806	149.0000
935.228	140.0000
935.649	149.0000
936.070	140.0000
936.492	125.0000
936.913	142.0000
937.335	130.0000
937.756	131.0000
938.178	131.0000
938.600	131.0000
939.021	145.0000
939.443	149.0000
939.865	127.0000
940.286	118.0000
940.708	126.0000
941.130	120.0000
941.552	113.0000
941.974	117.0000
942.396	123.0000
942.818	111.0000
943.240	116.0000
943.662	106.0000
944.084	111.0000
944.507	107.0000
944.929	111.0000
945.351	119.0000
945.773	109.0000
946.196	113.0000
946.618	99.0000
947.041	103.0000
947.463	102.0000
947.886	119.0000
948.308	103.0000
948.731	98.0000
949.153	94.0000
949.576	95.0000
949.999	87.0000
950.421	111.0000
950.844	105.0000
951.267	116.0000
951.690	106.0000
952.113	130.0000
952.536	100.0000
952.959	113.0000
953.382	118.0000
953.805	113.0000
954.228	115.0000
954.651	118.0000
955.074	107.0000
955.498	108.0000
955.921	107.0000
956.344	127.0000
956.768	110.0000
957.191	115.0000
957.614	118.0000
958.038	129.0000
958.461	130.0000
958.885	136.0000
959.309	121.0000
959.732	122.0000
960.156	131.0000
960.580	126.0000
961.003	140.0000
961.427	122.0000
961.851	114.0000
962.275	125.0000
962.699	124.0000
963.123	129.0000
963.547	115.0000
963.971	123.0000
964.395	129.0000
964.819	108.0000
965.243	134.0000
965.668	148.0000
966.092	114.0000
966.516	144.0000
966.940	134.0000
967.365	131.0000
967.789	129.0000
968.214	126.0000
968.638	128.0000
969.063	131.0000
969.487	131.0000
969.912	124.0000
970.337	141.0000
970.761	124.0000
971.186	139.0000
971.611	113.0000
972.036	134.0000
972.461	119.0000
972.885	123.0000
973.310	135.0000
973.735	130.0000
974.161	117.0000
974.586	115.0000
975.011	114.0000
975.436	133.0000
975.861	115.0000
976.286	114.0000
976.712	119.0000
977.137	120.0000
977.562	113.0000
977.988	134.0000
