159.571	1370.0000
159.963	1374.0000
160.354	1381.0000
160.746	1375.0000
161.137	1370.0000
161.528	1383.0000
161.920	1378.0000
162.311	1382.0000
162.703	1389.0000
163.094	1381.0000
163.485	1376.0000
163.877	1381.0000
164.268	1387.0000
164.660	1382.0000
165.051	1384.0000
165.442	1385.0000
165.834	1394.0000
166.225	1394.0000
166.616	1394.0000
167.007	1385.0000
167.399	1388.0000
167.790	1386.0000
168.181	1399.0000
168.573	1396.0000
168.964	1398.0000
169.355	1404.0000
169.746	1390.0000
170.138	1385.0000
170.529	1391.0000
170.920	1392.0000
171.311	1398.0000
171.702	1391.0000
172.094	1402.0000
172.485	1396.0000
172.876	1395.0000
173.267	1403.0000
173.658	1408.0000
174.050	1394.0000
174.441	1411.0000
174.832	1400.0000
175.223	1413.0000
175.614	1417.0000
176.005	1415.0000
176.396	1416.0000
176.787	1417.0000
177.179	1419.0000
177.570	1432.0000
177.961	1430.0000
178.352	1430.0000
178.743	1429.0000
179.134	1441.0000
179.525	1456.0000
179.916	1463.0000
180.307	1482.0000
180.698	1503.0000
181.089	1525.0000
181.480	1537.0000
181.871	1562.0000
182.262	1586.0000
182.653	1625.0000
183.044	1654.0000
183.435	1676.0000
183.826	1704.0000
184.217	1750.0000
184.608	1785.0000
184.999	1818.0000
185.390	1823.0000
185.781	1874.0000
186.172	1897.0000
186.563	1913.0000
186.954	1964.0000
187.345	2040.0000
187.736	2054.0000
188.126	2064.0000
188.517	2109.0000
188.908	2129.0000
189.299	2173.0000
189.690	2209.0000
190.081	2218.0000
190.472	2254.0000
190.862	2308.0000
191.253	2323.0000
191.644	2346.0000
192.035	2365.0000
192.426	2386.0000
192.817	2389.0000
193.207	2431.0000
193.598	2431.0000
193.989	2436.0000
194.380	2462.0000
194.771	2551.0000
195.161	2556.0000
195.552	2569.0000
195.943	2566.0000
196.334	2579.0000
196.724	2637.0000
197.115	2605.0000
197.506	2672.0000
197.897	2728.0000
198.287	2701.0000
198.678	2740.0000
199.069	2725.0000
199.459	2776.0000
199.850	2769.0000
200.241	2754.0000
200.632	2798.0000
201.022	2758.0000
201.413	2823.0000
201.804	2851.0000
202.194	2840.0000
202.585	2815.0000
202.976	2837.0000
203.366	2865.0000
203.757	2866.0000
204.147	2898.0000
204.538	2899.0000
204.929	2885.0000
205.319	2873.0000
205.710	2855.0000
206.101	2905.0000
206.491	2864.0000
206.882	2892.0000
207.272	2890.0000
207.663	2910.0000
208.053	2955.0000
208.444	2887.0000
208.835	2889.0000
209.225	2903.0000
209.616	2891.0000
210.006	2916.0000
210.397	2901.0000
210.787	2921.0000
211.178	2933.0000
211.568	2910.0000
211.959	2941.0000
212.349	2958.0000
212.740	2933.0000
213.130	2888.0000
213.521	2927.0000
213.911	2911.0000
214.302	2924.0000
214.692	2914.0000
215.083	2935.0000
215.473	2899.0000
215.864	2933.0000
216.254	2933.0000
216.645	2921.0000
217.035	2938.0000
217.426	2934.0000
217.816	2926.0000
218.206	2906.0000
218.597	2911.0000
218.987	2929.0000
219.378	2940.0000
219.768	2931.0000
220.159	2912.0000
220.549	2953.0000
220.939	2932.0000
221.330	2966.0000
221.720	2906.0000
222.111	2910.0000
222.501	2992.0000
222.891	2971.0000
223.282	2950.0000
223.672	2941.0000
224.062	2944.0000
224.453	2961.0000
224.843	2958.0000
225.233	2957.0000
225.624	2975.0000
226.014	2977.0000
226.404	2967.0000
226.795	3017.0000
227.185	3007.0000
227.575	2979.0000
227.966	2995.0000
228.356	3030.0000
228.746	3018.0000
229.137	3025.0000
229.527	3040.0000
229.917	3012.0000
230.308	3019.0000
230.698	3040.0000
231.088	3077.0000
231.478	3042.0000
231.869	3008.0000
232.259	3033.0000
232.649	3077.0000
233.040	3066.0000
233.430	3025.0000
233.820	3039.0000
234.210	3062.0000
234.601	3090.0000
234.991	3094.0000
235.381	3034.0000
235.771	3046.0000
236.161	3048.0000
236.552	3065.0000
236.942	3089.0000
237.332	3093.0000
237.722	3064.0000
238.113	3106.0000
238.503	3058.0000
238.893	3086.0000
239.283	3018.0000
239.673	3092.0000
240.064	3061.0000
240.454	3095.0000
240.844	3126.0000
241.234	3093.0000
241.624	3074.0000
242.014	3055.0000
242.405	3089.0000
242.795	3063.0000
243.185	3051.0000
243.575	3084.0000
243.965	3068.0000
244.355	3064.0000
244.746	3052.0000
245.136	3120.0000
245.526	3077.0000
245.916	3072.0000
246.306	3096.0000
246.696	3084.0000
247.086	3100.0000
247.477	3105.0000
247.867	3079.0000
248.257	3080.0000
248.647	3046.0000
249.037	3079.0000
249.427	3079.0000
249.817	3068.0000
250.207	3092.0000
250.598	3087.0000
250.988	3083.0000
251.378	3065.0000
251.768	3092.0000
252.158	3083.0000
252.548	3060.0000
252.938	3054.0000
253.328	3104.0000
253.718	3053.0000
254.108	3034.0000
254.498	3098.0000
254.888	3079.0000
255.279	3044.0000
255.669	3042.0000
256.059	3077.0000
256.449	3012.0000
256.839	3012.0000
257.229	3034.0000
257.619	3025.0000
258.009	3014.0000
258.399	3015.0000
258.789	2997.0000
259.179	3026.0000
259.569	2978.0000
259.959	3009.0000
260.349	2983.0000
260.739	2991.0000
261.129	2979.0000
261.519	2979.0000
261.909	2947.0000
262.299	2953.0000
262.689	2937.0000
263.079	2937.0000
263.469	2979.0000
263.859	2926.0000
264.249	2931.0000
264.639	2932.0000
265.029	2927.0000
265.419	2917.0000
265.810	2937.0000
266.199	2951.0000
266.589	2911.0000
266.979	2903.0000
267.369	2925.0000
267.759	2927.0000
268.149	2887.0000
268.539	2928.0000
268.929	2901.0000
269.319	2876.0000
269.709	2894.0000
270.099	2941.0000
270.489	2904.0000
270.879	2841.0000
271.269	2860.0000
271.659	2862.0000
272.049	2865.0000
272.439	2861.0000
272.829	2872.0000
273.219	2866.0000
273.609	2861.0000
273.999	2887.0000
274.389	2874.0000
274.779	2868.0000
275.169	2873.0000
275.559	2864.0000
275.949	2870.0000
276.339	2845.0000
276.729	2862.0000
277.119	2874.0000
277.509	2838.0000
277.899	2853.0000
278.289	2876.0000
278.679	2843.0000
279.069	2857.0000
279.459	2918.0000
279.849	2817.0000
280.238	2865.0000
280.628	2877.0000
281.018	2887.0000
281.408	2858.0000
281.798	2829.0000
282.188	2877.0000
282.578	2864.0000
282.968	2811.0000
283.358	2867.0000
283.748	2885.0000
284.138	2842.0000
284.528	2911.0000
284.918	2868.0000
285.308	2866.0000
285.698	2844.0000
286.088	2851.0000
286.478	2907.0000
286.867	2915.0000
287.257	2895.0000
287.647	2875.0000
288.037	2869.0000
288.427	2883.0000
288.817	2865.0000
289.207	2853.0000
289.597	2879.0000
289.987	2894.0000
290.377	2870.0000
290.767	2868.0000
291.157	2868.0000
291.547	2860.0000
291.937	2848.0000
292.327	2891.0000
292.716	2851.0000
293.106	2858.0000
293.496	2843.0000
293.886	2856.0000
294.276	2884.0000
294.666	2819.0000
295.056	2832.0000
295.446	2837.0000
295.836	2824.0000
296.226	2822.0000
296.616	2832.0000
297.006	2832.0000
297.396	2820.0000
297.785	2820.0000
298.175	2816.0000
298.565	2810.0000
298.955	2804.0000
299.345	2800.0000
299.735	2814.0000
300.125	2799.0000
300.515	2780.0000
300.905	2796.0000
301.295	2760.0000
301.685	2719.0000
302.075	2746.0000
302.465	2750.0000
302.854	2742.0000
303.244	2765.0000
303.634	2739.0000
304.024	2720.0000
304.414	2712.0000
304.804	2714.0000
305.194	2674.0000
305.584	2710.0000
305.974	2661.0000
306.364	2647.0000
306.754	2664.0000
307.144	2673.0000
307.534	2666.0000
307.924	2654.0000
308.314	2639.0000
308.703	2638.0000
309.093	2640.0000
309.483	2642.0000
309.873	2644.0000
310.263	2607.0000
310.653	2608.0000
311.043	2583.0000
311.433	2606.0000
311.823	2607.0000
312.213	2584.0000
312.603	2593.0000
312.993	2556.0000
313.383	2542.0000
313.773	2546.0000
314.163	2542.0000
314.553	2538.0000
314.943	2495.0000
315.332	2508.0000
315.722	2504.0000
316.112	2519.0000
316.502	2508.0000
316.892	2481.0000
317.282	2490.0000
317.672	2486.0000
318.062	2498.0000
318.452	2479.0000
318.842	2442.0000
319.232	2470.0000
319.622	2449.0000
320.012	2434.0000
320.402	2448.0000
320.792	2468.0000
321.182	2463.0000
321.572	2428.0000
321.962	2419.0000
322.352	2411.0000
322.742	2386.0000
323.132	2379.0000
323.522	2372.0000
323.912	2389.0000
324.302	2361.0000
324.692	2339.0000
325.082	2379.0000
325.472	2346.0000
325.862	2351.0000
326.252	2332.0000
326.642	2302.0000
327.032	2330.0000
327.422	2340.0000
327.812	2309.0000
328.202	2295.0000
328.592	2292.0000
328.982	2289.0000
329.372	2277.0000
329.762	2283.0000
330.152	2321.0000
330.542	2267.0000
330.932	2260.0000
331.322	2255.0000
331.712	2254.0000
332.102	2260.0000
332.492	2237.0000
332.882	2237.0000
333.272	2243.0000
333.662	2246.0000
334.052	2227.0000
334.442	2226.0000
334.832	2206.0000
335.222	2186.0000
335.612	2210.0000
336.002	2165.0000
336.392	2193.0000
336.782	2161.0000
337.172	2162.0000
337.562	2163.0000
337.952	2179.0000
338.342	2148.0000
338.733	2157.0000
339.123	2136.0000
339.513	2112.0000
339.903	2071.0000
340.293	2073.0000
340.683	2032.0000
341.073	1956.0000
341.463	1913.0000
341.853	1812.0000
342.243	1785.0000
342.633	1718.0000
343.023	1854.0000
343.413	2332.0000
343.804	2489.0000
344.194	2246.0000
344.584	2132.0000
344.974	2095.0000
345.364	2106.0000
345.754	2094.0000
346.144	2105.0000
346.534	2137.0000
346.924	2081.0000
347.315	2000.0000
347.705	1864.0000
348.095	1758.0000
348.485	1856.0000
348.875	2310.0000
349.265	2419.0000
349.655	2144.0000
350.046	2050.0000
350.436	2044.0000
350.826	2013.0000
351.216	1987.0000
351.606	1978.0000
351.996	1997.0000
352.387	1991.0000
352.777	1990.0000
353.167	2010.0000
353.557	1992.0000
353.947	1982.0000
354.337	1953.0000
354.728	1963.0000
355.118	1954.0000
355.508	1937.0000
355.898	1936.0000
356.288	1928.0000
356.679	1904.0000
357.069	1924.0000
357.459	1926.0000
357.849	1900.0000
358.240	1894.0000
358.630	1889.0000
359.020	1905.0000
359.410	1906.0000
359.801	1907.0000
360.191	1901.0000
360.581	1899.0000
360.971	1902.0000
361.362	1885.0000
361.752	1892.0000
362.142	1865.0000
362.532	1875.0000
362.923	1867.0000
363.313	1873.0000
363.703	1885.0000
364.093	1889.0000
364.484	1872.0000
364.874	1859.0000
365.264	1856.0000
365.655	1854.0000
366.045	1866.0000
366.435	1848.0000
366.826	1847.0000
367.216	1836.0000
367.606	1848.0000
367.996	1854.0000
368.387	1846.0000
368.777	1840.0000
369.168	1837.0000
369.558	1838.0000
369.948	1826.0000
370.339	1840.0000
370.729	1843.0000
371.119	1827.0000
371.510	1812.0000
371.900	1833.0000
372.290	1821.0000
372.681	1822.0000
373.071	1832.0000
373.462	1829.0000
373.852	1825.0000
374.242	1809.0000
374.633	1824.0000
375.023	1840.0000
375.414	1825.0000
375.804	1843.0000
376.195	1830.0000
376.585	1829.0000
376.975	1821.0000
377.366	1827.0000
377.756	1825.0000
378.147	1837.0000
378.537	1811.0000
378.928	1836.0000
379.318	1827.0000
379.709	1824.0000
380.099	1824.0000
380.490	1827.0000
380.880	1803.0000
381.271	1834.0000
381.661	1819.0000
382.052	1812.0000
382.442	1813.0000
382.833	1789.0000
383.223	1805.0000
383.614	1809.0000
384.004	1800.0000
384.395	1810.0000
384.785	1818.0000
385.176	1811.0000
385.566	1812.0000
385.957	1807.0000
386.347	1830.0000
386.738	1823.0000
387.129	1811.0000
387.519	1828.0000
387.910	1795.0000
388.300	1791.0000
388.691	1808.0000
389.082	1814.0000
389.472	1802.0000
389.863	1804.0000
390.253	1820.0000
390.644	1825.0000
391.035	1807.0000
391.425	1803.0000
391.816	1807.0000
392.207	1803.0000
392.597	1799.0000
392.988	1792.0000
393.379	1808.0000
393.769	1807.0000
394.160	1793.0000
394.551	1775.0000
394.941	1796.0000
395.332	1817.0000
395.723	1827.0000
396.114	1820.0000
396.504	1778.0000
396.895	1798.0000
397.286	1825.0000
397.676	1800.0000
398.067	1793.0000
398.458	1793.0000
398.849	1791.0000
399.240	1771.0000
399.630	1775.0000
400.021	1790.0000
400.412	1774.0000
400.803	1784.0000
401.193	1775.0000
401.584	1772.0000
401.975	1762.0000
402.366	1790.0000
402.757	1802.0000
403.148	1790.0000
403.538	1780.0000
403.929	1771.0000
404.320	1793.0000
404.711	1776.0000
405.102	1768.0000
405.493	1772.0000
405.884	1786.0000
406.274	1776.0000
406.665	1787.0000
407.056	1766.0000
407.447	1765.0000
407.838	1754.0000
408.229	1767.0000
408.620	1771.0000
409.011	1767.0000
409.402	1788.0000
409.793	1775.0000
410.184	1745.0000
410.575	1771.0000
410.966	1767.0000
411.357	1761.0000
411.748	1767.0000
412.139	1781.0000
412.530	1756.0000
412.921	1763.0000
413.312	1760.0000
413.703	1752.0000
414.094	1756.0000
414.485	1738.0000
414.876	1730.0000
415.267	1757.0000
415.658	1744.0000
416.049	1753.0000
416.440	1747.0000
416.831	1738.0000
417.222	1738.0000
417.613	1732.0000
418.004	1765.0000
418.395	1749.0000
418.787	1747.0000
419.178	1776.0000
419.569	1778.0000
419.960	1778.0000
420.351	1781.0000
420.742	1769.0000
421.133	1779.0000
421.525	1778.0000
421.916	1756.0000
422.307	1775.0000
422.698	1766.0000
423.089	1755.0000
423.481	1732.0000
423.872	1742.0000
424.263	1730.0000
424.654	1739.0000
425.046	1729.0000
425.437	1743.0000
425.828	1735.0000
426.219	1742.0000
426.611	1768.0000
427.002	1782.0000
427.393	1760.0000
427.785	1769.0000
428.176	1771.0000
428.567	1763.0000
428.958	1755.0000
429.350	1749.0000
429.741	1754.0000
430.133	1744.0000
430.524	1745.0000
430.915	1747.0000
431.307	1745.0000
431.698	1742.0000
432.089	1752.0000
432.481	1739.0000
432.872	1754.0000
433.264	1739.0000
433.655	1728.0000
434.047	1748.0000
434.438	1731.0000
434.829	1749.0000
435.221	1747.0000
435.612	1745.0000
436.004	1759.0000
436.395	1769.0000
436.787	1758.0000
437.178	1779.0000
437.570	1757.0000
437.961	1754.0000
438.353	1783.0000
438.744	1797.0000
439.136	1792.0000
439.528	1808.0000
439.919	1817.0000
440.311	1802.0000
440.702	1818.0000
441.094	1834.0000
441.486	1811.0000
441.877	1823.0000
442.269	1802.0000
442.660	1810.0000
443.052	1840.0000
443.444	1821.0000
443.835	1825.0000
444.227	1815.0000
444.619	1829.0000
445.010	1840.0000
445.402	1830.0000
445.794	1819.0000
446.186	1820.0000
446.577	1831.0000
446.969	1851.0000
447.361	1832.0000
447.753	1872.0000
448.144	1833.0000
448.536	1857.0000
448.928	1845.0000
449.320	1842.0000
449.711	1844.0000
450.103	1868.0000
450.495	1852.0000
450.887	1842.0000
451.279	1872.0000
451.671	1832.0000
452.062	1854.0000
452.454	1840.0000
452.846	1840.0000
453.238	1835.0000
453.630	1827.0000
454.022	1829.0000
454.414	1837.0000
454.806	1830.0000
455.198	1833.0000
455.590	1823.0000
455.982	1818.0000
456.374	1831.0000
456.766	1825.0000
457.158	1810.0000
457.550	1826.0000
457.942	1796.0000
458.334	1785.0000
458.726	1781.0000
459.118	1787.0000
459.510	1789.0000
459.902	1774.0000
460.294	1767.0000
460.686	1756.0000
461.078	1759.0000
461.470	1784.0000
461.862	1768.0000
462.254	1768.0000
462.647	1770.0000
463.039	1773.0000
463.431	1793.0000
463.823	1777.0000
464.215	1758.0000
464.607	1761.0000
465.000	1746.0000
465.392	1735.0000
465.784	1749.0000
466.176	1735.0000
466.569	1736.0000
466.961	1706.0000
467.353	1690.0000
467.745	1708.0000
468.138	1694.0000
468.530	1693.0000
468.922	1701.0000
469.315	1696.0000
469.707	1688.0000
470.099	1688.0000
470.492	1679.0000
470.884	1691.0000
471.276	1691.0000
471.669	1682.0000
472.061	1693.0000
472.453	1716.0000
472.846	1682.0000
473.238	1698.0000
473.631	1699.0000
474.023	1691.0000
474.416	1677.0000
474.808	1692.0000
475.201	1691.0000
475.593	1701.0000
475.986	1685.0000
476.378	1693.0000
476.771	1709.0000
477.163	1687.0000
477.556	1695.0000
477.948	1678.0000
478.341	1683.0000
478.733	1685.0000
479.126	1678.0000
479.519	1701.0000
479.911	1692.0000
480.304	1675.0000
480.697	1693.0000
481.089	1698.0000
481.482	1704.0000
481.875	1715.0000
482.267	1731.0000
482.660	1788.0000
483.053	1814.0000
483.445	1851.0000
483.838	1859.0000
484.231	1892.0000
484.624	1828.0000
485.016	1815.0000
485.409	1747.0000
485.802	1707.0000
486.195	1693.0000
486.588	1670.0000
486.980	1668.0000
487.373	1664.0000
487.766	1664.0000
488.159	1677.0000
488.552	1668.0000
488.945	1681.0000
489.338	1678.0000
489.731	1660.0000
490.124	1658.0000
490.517	1670.0000
490.909	1680.0000
491.302	1663.0000
491.695	1647.0000
492.088	1660.0000
492.481	1653.0000
492.874	1657.0000
493.267	1653.0000
493.661	1665.0000
494.054	1663.0000
494.447	1653.0000
494.840	1677.0000
495.233	1674.0000
495.626	1659.0000
496.019	1663.0000
496.412	1663.0000
496.805	1666.0000
497.198	1662.0000
497.592	1679.0000
497.985	1673.0000
498.378	1674.0000
498.771	1647.0000
499.164	1666.0000
499.558	1693.0000
499.951	1695.0000
500.344	1690.0000
500.737	1685.0000
501.131	1676.0000
501.524	1670.0000
501.917	1671.0000
502.311	1676.0000
502.704	1675.0000
503.097	1682.0000
503.491	1679.0000
503.884	1675.0000
504.277	1683.0000
504.671	1651.0000
505.064	1667.0000
505.458	1672.0000
505.851	1668.0000
506.245	1670.0000
506.638	1687.0000
507.031	1672.0000
507.425	1694.0000
507.818	1669.0000
508.212	1687.0000
508.605	1671.0000
508.999	1666.0000
509.393	1680.0000
509.786	1678.0000
510.180	1680.0000
510.573	1689.0000
510.967	1676.0000
511.361	1673.0000
511.754	1688.0000
512.148	1690.0000
512.542	1691.0000
512.935	1698.0000
513.329	1689.0000
513.723	1698.0000
514.116	1686.0000
514.510	1705.0000
514.904	1695.0000
515.298	1702.0000
515.691	1703.0000
516.085	1695.0000
516.479	1702.0000
516.873	1707.0000
517.267	1698.0000
517.660	1701.0000
518.054	1708.0000
518.448	1696.0000
518.842	1692.0000
519.236	1690.0000
519.630	1688.0000
520.024	1706.0000
520.418	1690.0000
520.812	1712.0000
521.206	1691.0000
521.600	1716.0000
521.994	1684.0000
522.388	1712.0000
522.782	1702.0000
523.176	1710.0000
523.570	1698.0000
523.964	1712.0000
524.358	1703.0000
524.752	1714.0000
525.146	1725.0000
525.540	1700.0000
525.934	1721.0000
526.329	1715.0000
526.723	1728.0000
527.117	1726.0000
527.511	1708.0000
527.905	1720.0000
528.300	1746.0000
528.694	1710.0000
529.088	1722.0000
529.482	1702.0000
529.877	1732.0000
530.271	1711.0000
530.665	1738.0000
531.060	1722.0000
531.454	1745.0000
531.848	1750.0000
532.243	1721.0000
532.637	1728.0000
533.031	1732.0000
533.426	1723.0000
533.820	1721.0000
534.215	1718.0000
534.609	1715.0000
535.004	1732.0000
535.398	1720.0000
535.793	1719.0000
536.187	1718.0000
536.582	1714.0000
536.976	1740.0000
537.371	1715.0000
537.766	1735.0000
538.160	1716.0000
538.555	1715.0000
538.949	1739.0000
539.344	1733.0000
539.739	1706.0000
540.133	1721.0000
540.528	1725.0000
540.923	1733.0000
541.317	1730.0000
541.712	1716.0000
542.107	1729.0000
542.502	1709.0000
542.897	1730.0000
543.291	1733.0000
543.686	1728.0000
544.081	1724.0000
544.476	1703.0000
544.871	1698.0000
545.266	1715.0000
545.661	1714.0000
546.055	1723.0000
546.450	1725.0000
546.845	1725.0000
547.240	1693.0000
547.635	1698.0000
548.030	1687.0000
548.425	1706.0000
548.820	1697.0000
549.215	1702.0000
549.610	1696.0000
550.005	1700.0000
550.400	1723.0000
550.796	1702.0000
551.191	1713.0000
551.586	1694.0000
551.981	1697.0000
552.376	1690.0000
552.771	1701.0000
553.166	1694.0000
553.562	1703.0000
553.957	1701.0000
554.352	1684.0000
554.747	1686.0000
555.143	1679.0000
555.538	1690.0000
555.933	1685.0000
556.329	1684.0000
556.724	1689.0000
557.119	1660.0000
557.515	1696.0000
557.910	1713.0000
558.306	1693.0000
558.701	1684.0000
559.096	1715.0000
559.492	1704.0000
559.887	1711.0000
560.283	1699.0000
560.678	1710.0000
561.074	1687.0000
561.469	1703.0000
561.865	1705.0000
562.260	1689.0000
562.656	1691.0000
563.052	1685.0000
563.447	1706.0000
563.843	1689.0000
564.239	1715.0000
564.634	1732.0000
565.030	1730.0000
565.426	1740.0000
565.821	1752.0000
566.217	1790.0000
566.613	1792.0000
567.009	1811.0000
567.405	1814.0000
567.800	1842.0000
568.196	1854.0000
568.592	1857.0000
568.988	1871.0000
569.384	1865.0000
569.780	1877.0000
570.176	1884.0000
570.572	1908.0000
570.967	1912.0000
571.363	1935.0000
571.759	1944.0000
572.155	1962.0000
572.551	1961.0000
572.948	1956.0000
573.344	1943.0000
573.740	1959.0000
574.136	1989.0000
574.532	1986.0000
574.928	1994.0000
575.324	2029.0000
575.720	2051.0000
576.116	2045.0000
576.513	2019.0000
576.909	2027.0000
577.305	2043.0000
577.701	2047.0000
578.098	2071.0000
578.494	2095.0000
578.890	2133.0000
579.286	2136.0000
579.683	2139.0000
580.079	2130.0000
580.475	2080.0000
580.872	2033.0000
581.268	2004.0000
581.665	1976.0000
582.061	1986.0000
582.458	2018.0000
582.854	2009.0000
583.251	2031.0000
583.647	2038.0000
584.044	2014.0000
584.440	2013.0000
584.837	1985.0000
585.233	1989.0000
585.630	1980.0000
586.027	1959.0000
586.423	1928.0000
586.820	1901.0000
587.217	1882.0000
587.613	1884.0000
588.010	1844.0000
588.407	1857.0000
588.804	1852.0000
589.200	1855.0000
589.597	1899.0000
589.994	1895.0000
590.391	1922.0000
590.788	1952.0000
591.184	1957.0000
591.581	1949.0000
591.978	1940.0000
592.375	1924.0000
592.772	1904.0000
593.169	1893.0000
593.566	1877.0000
593.963	1898.0000
594.360	1851.0000
594.757	1861.0000
595.154	1847.0000
595.551	1851.0000
595.948	1866.0000
596.345	1894.0000
596.742	1935.0000
597.140	1925.0000
597.537	1918.0000
597.934	1923.0000
598.331	1910.0000
598.728	1906.0000
599.125	1920.0000
599.523	1910.0000
599.920	1926.0000
600.317	1914.0000
600.715	1923.0000
601.112	1932.0000
601.509	1902.0000
601.907	1897.0000
602.304	1888.0000
602.702	1883.0000
603.099	1878.0000
603.496	1853.0000
603.894	1876.0000
604.291	1877.0000
604.689	1870.0000
605.086	1880.0000
605.484	1854.0000
605.882	1856.0000
606.279	1879.0000
606.677	1864.0000
607.074	1870.0000
607.472	1883.0000
607.870	1881.0000
608.267	1900.0000
608.665	1906.0000
609.063	1871.0000
609.461	1854.0000
609.858	1873.0000
610.256	1859.0000
610.654	1867.0000
611.052	1891.0000
611.449	1886.0000
611.847	1910.0000
612.245	1950.0000
612.643	1957.0000
613.041	1948.0000
613.439	1977.0000
613.837	1926.0000
614.235	1919.0000
614.633	1914.0000
615.031	1920.0000
615.429	1869.0000
615.827	1794.0000
616.225	1718.0000
616.623	1640.0000
617.021	1565.0000
617.419	1549.0000
617.818	1585.0000
618.216	1628.0000
618.614	1656.0000
619.012	1653.0000
619.410	1680.0000
619.809	1709.0000
620.207	1725.0000
620.605	1756.0000
621.004	1860.0000
621.402	1768.0000
621.800	1619.0000
622.199	1664.0000
622.597	1817.0000
622.996	1920.0000
623.394	1868.0000
623.792	1808.0000
624.191	1789.0000
624.589	1765.0000
624.988	1779.0000
625.387	1764.0000
625.785	1770.0000
626.184	1764.0000
626.582	1754.0000
626.981	1745.0000
627.380	1764.0000
627.778	1789.0000
628.177	1785.0000
628.576	1805.0000
628.974	1824.0000
629.373	1820.0000
629.772	1863.0000
630.171	1866.0000
630.570	1880.0000
630.968	1896.0000
631.367	1917.0000
631.766	1922.0000
632.165	1888.0000
632.564	1848.0000
632.963	1845.0000
633.362	1841.0000
633.761	1862.0000
634.160	1848.0000
634.559	1885.0000
634.958	1901.0000
635.357	1900.0000
635.756	1857.0000
636.155	1832.0000
636.554	1801.0000
636.954	1755.0000
637.353	1744.0000
637.752	1716.0000
638.151	1705.0000
638.550	1705.0000
638.950	1659.0000
639.349	1687.0000
639.748	1667.0000
640.148	1689.0000
640.547	1684.0000
640.946	1676.0000
641.346	1689.0000
641.745	1686.0000
642.145	1673.0000
642.544	1695.0000
642.943	1704.0000
643.343	1687.0000
643.742	1693.0000
644.142	1677.0000
644.542	1691.0000
644.941	1706.0000
645.341	1707.0000
645.740	1724.0000
646.140	1712.0000
646.540	1738.0000
646.940	1748.0000
647.339	1728.0000
647.739	1726.0000
648.139	1746.0000
648.539	1718.0000
648.938	1700.0000
649.338	1699.0000
649.738	1681.0000
650.138	1691.0000
650.538	1701.0000
650.938	1726.0000
651.338	1757.0000
651.738	1889.0000
652.138	2157.0000
652.538	2476.0000
652.938	2842.0000
653.338	3059.0000
653.738	3226.0000
654.138	3170.0000
654.538	2895.0000
654.938	2480.0000
655.338	2102.0000
655.739	1861.0000
656.139	1736.0000
656.539	1696.0000
656.939	1716.0000
657.339	1692.0000
657.740	1667.0000
658.140	1658.0000
658.540	1661.0000
658.941	1670.0000
659.341	1673.0000
659.742	1675.0000
660.142	1678.0000
660.542	1661.0000
660.943	1665.0000
661.343	1663.0000
661.744	1673.0000
662.145	1657.0000
662.545	1672.0000
662.946	1681.0000
663.346	1682.0000
663.747	1681.0000
664.148	1679.0000
664.548	1676.0000
664.949	1645.0000
665.350	1676.0000
665.751	1675.0000
666.151	1682.0000
666.552	1692.0000
666.953	1675.0000
667.354	1687.0000
667.755	1664.0000
668.156	1681.0000
668.557	1694.0000
668.958	1697.0000
669.358	1711.0000
669.759	1707.0000
670.160	1707.0000
670.562	1708.0000
670.963	1709.0000
671.364	1674.0000
671.765	1678.0000
672.166	1661.0000
672.567	1685.0000
672.968	1668.0000
673.369	1668.0000
673.771	1685.0000
674.172	1691.0000
674.573	1683.0000
674.975	1671.0000
675.376	1689.0000
675.777	1703.0000
676.179	1701.0000
676.580	1700.0000
676.981	1693.0000
677.383	1690.0000
677.784	1713.0000
678.186	1714.0000
678.587	1707.0000
678.989	1694.0000
679.390	1698.0000
679.792	1706.0000
680.194	1696.0000
680.595	1696.0000
680.997	1718.0000
681.398	1695.0000
681.800	1711.0000
682.202	1716.0000
682.604	1711.0000
683.006	1713.0000
683.407	1711.0000
683.809	1696.0000
684.211	1711.0000
684.613	1677.0000
685.015	1704.0000
685.417	1710.0000
685.819	1696.0000
686.221	1676.0000
686.623	1685.0000
687.025	1682.0000
687.427	1692.0000
687.829	1692.0000
688.231	1686.0000
688.633	1682.0000
689.035	1696.0000
689.437	1696.0000
689.839	1707.0000
690.242	1702.0000
690.644	1699.0000
691.046	1691.0000
691.448	1666.0000
691.851	1700.0000
692.253	1690.0000
692.656	1694.0000
693.058	1678.0000
693.460	1691.0000
693.863	1701.0000
694.265	1714.0000
694.668	1706.0000
695.070	1697.0000
695.473	1705.0000
695.875	1714.0000
696.278	1709.0000
696.681	1711.0000
697.083	1674.0000
697.486	1696.0000
697.889	1669.0000
698.291	1680.0000
698.694	1688.0000
699.097	1682.0000
699.500	1671.0000
699.902	1692.0000
700.305	1684.0000
700.708	1702.0000
701.111	1670.0000
701.514	1689.0000
701.917	1679.0000
702.320	1674.0000
702.723	1684.0000
703.126	1676.0000
703.529	1706.0000
703.932	1689.0000
704.335	1696.0000
704.738	1708.0000
705.141	1699.0000
705.545	1713.0000
705.948	1701.0000
706.351	1687.0000
706.754	1696.0000
707.157	1704.0000
707.561	1689.0000
707.964	1695.0000
708.367	1698.0000
708.771	1689.0000
709.174	1699.0000
709.578	1691.0000
709.981	1695.0000
710.385	1689.0000
710.788	1707.0000
711.192	1703.0000
711.595	1687.0000
711.999	1692.0000
712.402	1691.0000
712.806	1706.0000
713.210	1693.0000
713.613	1687.0000
714.017	1699.0000
714.421	1684.0000
714.825	1673.0000
715.229	1674.0000
715.632	1676.0000
716.036	1680.0000
716.440	1680.0000
716.844	1672.0000
717.248	1674.0000
717.652	1677.0000
718.056	1666.0000
718.460	1675.0000
718.864	1663.0000
719.268	1654.0000
719.672	1669.0000
720.076	1673.0000
720.480	1670.0000
720.884	1689.0000
721.289	1669.0000
721.693	1671.0000
722.097	1679.0000
722.501	1675.0000
722.906	1691.0000
723.310	1671.0000
723.714	1669.0000
724.119	1682.0000
724.523	1668.0000
724.927	1688.0000
725.332	1677.0000
725.736	1689.0000
726.141	1677.0000
726.545	1670.0000
726.950	1678.0000
727.355	1673.0000
727.759	1682.0000
728.164	1701.0000
728.569	1693.0000
728.973	1671.0000
729.378	1725.0000
729.783	1708.0000
730.188	1696.0000
730.592	1697.0000
730.997	1694.0000
731.402	1711.0000
731.807	1703.0000
732.212	1724.0000
732.617	1709.0000
733.022	1696.0000
733.427	1699.0000
733.832	1721.0000
734.237	1684.0000
734.642	1695.0000
735.047	1688.0000
735.452	1678.0000
735.857	1685.0000
736.263	1673.0000
736.668	1713.0000
737.073	1698.0000
737.478	1704.0000
737.884	1707.0000
738.289	1711.0000
738.694	1696.0000
739.100	1703.0000
739.505	1691.0000
739.911	1701.0000
740.316	1694.0000
740.721	1680.0000
741.127	1678.0000
741.532	1694.0000
741.938	1672.0000
742.344	1677.0000
742.749	1661.0000
743.155	1686.0000
743.561	1680.0000
743.966	1666.0000
744.372	1663.0000
744.778	1654.0000
745.184	1663.0000
745.590	1643.0000
745.995	1666.0000
746.401	1670.0000
746.807	1676.0000
747.213	1701.0000
747.619	1691.0000
748.025	1690.0000
748.431	1684.0000
748.837	1683.0000
749.243	1691.0000
749.649	1664.0000
750.056	1663.0000
750.462	1672.0000
750.868	1667.0000
751.274	1677.0000
751.680	1684.0000
752.087	1662.0000
752.493	1677.0000
752.899	1674.0000
753.306	1686.0000
753.712	1692.0000
754.119	1705.0000
754.525	1707.0000
754.932	1695.0000
755.338	1725.0000
755.744	1731.0000
756.151	1712.0000
756.558	1700.0000
756.964	1701.0000
757.371	1708.0000
757.778	1716.0000
758.184	1735.0000
758.591	1723.0000
758.998	1696.0000
759.405	1687.0000
759.811	1684.0000
760.218	1676.0000
760.625	1681.0000
761.032	1697.0000
761.439	1687.0000
761.846	1690.0000
762.253	1692.0000
762.660	1718.0000
763.067	1702.0000
763.474	1708.0000
763.881	1698.0000
764.289	1678.0000
764.696	1682.0000
765.103	1665.0000
765.510	1674.0000
765.917	1678.0000
766.325	1705.0000
766.732	1697.0000
767.139	1703.0000
767.547	1704.0000
767.954	1710.0000
768.362	1697.0000
768.769	1695.0000
769.177	1689.0000
769.584	1678.0000
769.992	1697.0000
770.399	1682.0000
770.807	1660.0000
771.215	1653.0000
771.622	1662.0000
772.030	1651.0000
772.438	1667.0000
772.845	1644.0000
773.253	1639.0000
773.661	1655.0000
774.069	1638.0000
774.477	1641.0000
774.885	1648.0000
775.293	1630.0000
775.701	1638.0000
776.109	1626.0000
776.517	1639.0000
776.925	1653.0000
777.333	1646.0000
777.741	1661.0000
778.149	1657.0000
778.557	1656.0000
778.965	1661.0000
779.374	1664.0000
779.782	1678.0000
780.190	1673.0000
780.599	1660.0000
781.007	1671.0000
781.415	1658.0000
781.824	1668.0000
782.232	1656.0000
782.641	1644.0000
783.049	1648.0000
783.458	1644.0000
783.866	1653.0000
784.275	1641.0000
784.684	1635.0000
785.092	1643.0000
785.501	1632.0000
785.910	1618.0000
786.318	1638.0000
786.727	1618.0000
787.136	1618.0000
787.545	1611.0000
787.954	1622.0000
788.363	1620.0000
788.772	1616.0000
789.181	1607.0000
789.590	1602.0000
789.999	1600.0000
790.408	1609.0000
790.817	1615.0000
791.226	1599.0000
791.635	1637.0000
792.044	1626.0000
792.454	1632.0000
792.863	1633.0000
793.272	1614.0000
793.681	1631.0000
794.091	1621.0000
794.500	1608.0000
794.910	1598.0000
795.319	1598.0000
795.728	1611.0000
796.138	1607.0000
796.547	1611.0000
796.957	1600.0000
797.367	1600.0000
797.776	1608.0000
798.186	1603.0000
798.596	1599.0000
799.005	1592.0000
799.415	1592.0000
799.825	1589.0000
800.235	1613.0000
800.644	1612.0000
801.054	1596.0000
801.464	1597.0000
801.874	1592.0000
802.284	1588.0000
802.694	1599.0000
803.104	1603.0000
803.514	1615.0000
803.924	1624.0000
804.334	1622.0000
804.745	1617.0000
805.155	1639.0000
805.565	1627.0000
805.975	1613.0000
806.386	1597.0000
806.796	1610.0000
807.206	1594.0000
807.617	1598.0000
808.027	1577.0000
808.438	1599.0000
808.848	1581.0000
809.258	1581.0000
809.669	1580.0000
810.080	1589.0000
810.490	1574.0000
810.901	1594.0000
811.312	1598.0000
811.722	1604.0000
812.133	1600.0000
812.544	1599.0000
812.954	1580.0000
813.365	1592.0000
813.776	1583.0000
814.187	1608.0000
814.598	1598.0000
815.009	1604.0000
815.420	1589.0000
815.831	1591.0000
816.242	1571.0000
816.653	1581.0000
817.064	1579.0000
817.475	1583.0000
817.887	1584.0000
818.298	1583.0000
818.709	1577.0000
819.120	1562.0000
819.532	1586.0000
819.943	1582.0000
820.354	1581.0000
820.766	1556.0000
821.177	1567.0000
821.589	1562.0000
822.000	1554.0000
822.412	1566.0000
822.823	1561.0000
823.235	1574.0000
823.647	1551.0000
824.058	1561.0000
824.470	1572.0000
824.882	1581.0000
825.293	1593.0000
825.705	1577.0000
826.117	1580.0000
826.529	1570.0000
826.941	1583.0000
827.353	1585.0000
827.765	1578.0000
828.177	1573.0000
828.589	1567.0000
829.001	1564.0000
829.413	1557.0000
829.825	1563.0000
830.237	1560.0000
830.649	1561.0000
831.062	1557.0000
831.474	1555.0000
831.886	1569.0000
832.299	1578.0000
832.711	1566.0000
833.123	1564.0000
833.536	1569.0000
833.948	1561.0000
834.361	1562.0000
834.773	1553.0000
835.186	1545.0000
835.599	1545.0000
836.011	1550.0000
836.424	1558.0000
836.837	1557.0000
837.249	1556.0000
837.662	1558.0000
838.075	1556.0000
838.488	1557.0000
838.901	1568.0000
839.313	1545.0000
839.726	1548.0000
840.139	1552.0000
840.552	1556.0000
840.965	1559.0000
841.378	1568.0000
841.792	1567.0000
842.205	1564.0000
842.618	1539.0000
843.031	1557.0000
843.444	1549.0000
843.858	1553.0000
844.271	1569.0000
844.684	1552.0000
845.098	1568.0000
845.511	1566.0000
845.924	1546.0000
846.338	1552.0000
846.752	1555.0000
847.165	1565.0000
847.579	1553.0000
847.992	1547.0000
848.406	1558.0000
848.820	1552.0000
849.233	1550.0000
849.647	1535.0000
850.061	1552.0000
850.475	1549.0000
850.888	1554.0000
851.302	1560.0000
851.716	1551.0000
852.130	1541.0000
852.544	1561.0000
852.958	1556.0000
853.372	1544.0000
853.786	1553.0000
854.201	1549.0000
854.615	1542.0000
855.029	1536.0000
855.443	1550.0000
855.858	1548.0000
856.272	1537.0000
856.686	1540.0000
857.100	1530.0000
857.515	1541.0000
857.929	1543.0000
858.344	1551.0000
858.758	1541.0000
859.173	1556.0000
859.588	1535.0000
860.002	1543.0000
860.417	1535.0000
860.831	1533.0000
861.246	1535.0000
861.661	1542.0000
862.076	1542.0000
862.491	1537.0000
862.906	1535.0000
863.320	1540.0000
863.735	1528.0000
864.150	1524.0000
864.565	1536.0000
864.980	1534.0000
865.395	1535.0000
865.811	1527.0000
866.226	1535.0000
866.641	1530.0000
867.056	1538.0000
867.471	1544.0000
867.887	1546.0000
868.302	1536.0000
868.717	1552.0000
869.133	1540.0000
869.548	1554.0000
869.964	1546.0000
870.379	1538.0000
870.795	1541.0000
871.210	1539.0000
871.626	1530.0000
872.042	1535.0000
872.457	1543.0000
872.873	1551.0000
873.289	1543.0000
873.704	1541.0000
874.120	1549.0000
874.536	1541.0000
874.952	1535.0000
875.368	1545.0000
875.784	1544.0000
876.200	1529.0000
876.616	1546.0000
877.032	1545.0000
877.448	1540.0000
877.864	1536.0000
878.280	1559.0000
878.697	1544.0000
879.113	1535.0000
879.529	1543.0000
879.945	1557.0000
880.362	1549.0000
880.778	1542.0000
881.195	1517.0000
881.611	1543.0000
882.028	1542.0000
882.444	1542.0000
882.861	1542.0000
883.277	1542.0000
883.694	1537.0000
884.111	1527.0000
884.528	1532.0000
884.944	1542.0000
885.361	1541.0000
885.778	1533.0000
886.195	1536.0000
886.612	1550.0000
887.029	1541.0000
887.446	1545.0000
887.863	1535.0000
888.280	1555.0000
888.697	1544.0000
889.114	1540.0000
889.531	1534.0000
889.948	1533.0000
890.366	1565.0000
890.783	1541.0000
891.200	1540.0000
891.618	1547.0000
892.035	1538.0000
892.452	1547.0000
892.870	1533.0000
893.287	1537.0000
893.705	1542.0000
894.122	1533.0000
894.540	1536.0000
894.958	1522.0000
895.375	1543.0000
895.793	1531.0000
896.211	1535.0000
896.629	1524.0000
897.046	1551.0000
897.464	1527.0000
897.882	1540.0000
898.300	1532.0000
898.718	1521.0000
899.136	1523.0000
899.554	1521.0000
899.972	1522.0000
900.390	1519.0000
900.809	1527.0000
901.227	1520.0000
901.645	1535.0000
902.063	1521.0000
902.482	1533.0000
902.900	1518.0000
903.318	1512.0000
903.737	1522.0000
904.155	1522.0000
904.574	1526.0000
904.992	1536.0000
905.411	1522.0000
905.829	1538.0000
906.248	1533.0000
906.667	1528.0000
907.086	1540.0000
907.504	1515.0000
907.923	1491.0000
908.342	1520.0000
908.761	1522.0000
909.180	1534.0000
909.599	1505.0000
910.018	1512.0000
910.437	1500.0000
910.856	1519.0000
911.275	1513.0000
911.694	1521.0000
912.113	1515.0000
912.532	1523.0000
912.952	1522.0000
913.371	1521.0000
913.790	1525.0000
914.210	1517.0000
914.629	1529.0000
915.049	1532.0000
915.468	1527.0000
915.888	1510.0000
916.307	1521.0000
916.727	1532.0000
917.146	1522.0000
917.566	1528.0000
917.986	1523.0000
918.406	1524.0000
918.825	1519.0000
919.245	1506.0000
919.665	1517.0000
920.085	1499.0000
920.505	1511.0000
920.925	1509.0000
921.345	1523.0000
921.765	1503.0000
922.185	1513.0000
922.605	1508.0000
923.026	1504.0000
923.446	1484.0000
923.866	1499.0000
924.286	1498.0000
924.707	1509.0000
925.127	1502.0000
925.547	1509.0000
925.968	1497.0000
926.388	1500.0000
926.809	1494.0000
927.229	1503.0000
927.650	1501.0000
928.071	1489.0000
928.491	1514.0000
928.912	1497.0000
929.333	1505.0000
929.754	1485.0000
930.175	1477.0000
930.595	1486.0000
931.016	1485.0000
931.437	1483.0000
931.858	1470.0000
932.279	1486.0000
932.700	1483.0000
933.122	1476.0000
933.543	1489.0000
933.964	1494.0000
934.385	1484.0000
934.806	1481.0000
935.228	1482.0000
935.649	1467.0000
936.070	1488.0000
936.492	1480.0000
936.913	1470.0000
937.335	1473.0000
937.756	1463.0000
938.178	1457.0000
938.600	1475.0000
939.021	1455.0000
939.443	1460.0000
939.865	1459.0000
940.286	1459.0000
940.708	1462.0000
941.130	1449.0000
941.552	1445.0000
941.974	1462.0000
942.396	1442.0000
942.818	1444.0000
943.240	1445.0000
943.662	1443.0000
944.084	1442.0000
944.507	1445.0000
944.929	1443.0000
945.351	1441.0000
945.773	1447.0000
946.196	1444.0000
946.618	1444.0000
947.041	1456.0000
947.463	1448.0000
947.886	1457.0000
948.308	1464.0000
948.731	1447.0000
949.153	1446.0000
949.576	1445.0000
949.999	1446.0000
950.421	1439.0000
950.844	1465.0000
951.267	1445.0000
951.690	1463.0000
952.113	1448.0000
952.536	1448.0000
952.959	1452.0000
953.382	1447.0000
953.805	1468.0000
954.228	1455.0000
954.651	1454.0000
955.074	1453.0000
955.498	1460.0000
955.921	1457.0000
956.344	1447.0000
956.768	1462.0000
957.191	1454.0000
957.614	1457.0000
958.038	1464.0000
958.461	1452.0000
958.885	1451.0000
959.309	1453.0000
959.732	1449.0000
960.156	1447.0000
960.580	1452.0000
961.003	1458.0000
961.427	1455.0000
961.851	1445.0000
962.275	1453.0000
962.699	1451.0000
963.123	1446.0000
963.547	1446.0000
963.971	1460.0000
964.395	1453.0000
964.819	1456.0000
965.243	1441.0000
965.668	1454.0000
966.092	1463.0000
966.516	1450.0000
966.940	1455.0000
967.365	1455.0000
967.789	1467.0000
968.214	1465.0000
968.638	1449.0000
969.063	1460.0000
969.487	1459.0000
969.912	1453.0000
970.337	1453.0000
970.761	1455.0000
971.186	1466.0000
971.611	1458.0000
972.036	1446.0000
972.461	1458.0000
972.885	1458.0000
973.310	1445.0000
973.735	1462.0000
974.161	1463.0000
974.586	1468.0000
975.011	1458.0000
975.436	1449.0000
975.861	1463.0000
976.286	1457.0000
976.712	1449.0000
977.137	1452.0000
977.562	1437.0000
977.988	1461.0000
