159.571	112.00
159.963	118.00
160.354	114.00
160.746	110.00
161.137	112.00
161.528	119.00
161.920	108.00
162.311	119.00
162.703	113.00
163.094	111.00
163.485	115.00
163.877	111.00
164.268	122.00
164.660	102.00
165.051	135.00
165.442	118.00
165.834	119.00
166.225	127.00
166.616	109.00
167.007	125.00
167.399	111.00
167.790	122.00
168.181	111.00
168.573	128.00
168.964	115.00
169.355	117.00
169.746	121.00
170.138	118.00
170.529	114.00
170.920	116.00
171.311	106.00
171.702	111.00
172.094	116.00
172.485	114.00
172.876	120.00
173.267	123.00
173.658	106.00
174.050	117.00
174.441	116.00
174.832	114.00
175.223	104.00
175.614	124.00
176.005	98.00
176.396	110.00
176.787	125.00
177.179	108.00
177.570	124.00
177.961	123.00
178.352	106.00
178.743	111.00
179.134	108.00
179.525	116.00
179.916	110.00
180.307	127.00
180.698	111.00
181.089	107.00
181.480	116.00
181.871	107.00
182.262	104.00
182.653	110.00
183.044	103.00
183.435	110.00
183.826	123.00
184.217	126.00
184.608	124.00
184.999	106.00
185.390	100.00
185.781	114.00
186.172	131.00
186.563	121.00
186.954	113.00
187.345	118.00
187.736	113.00
188.126	111.00
188.517	109.00
188.908	104.00
189.299	123.00
189.690	109.00
190.081	107.00
190.472	118.00
190.862	112.00
191.253	108.00
191.644	114.00
192.035	115.00
192.426	119.00
192.817	115.00
193.207	121.00
193.598	123.00
193.989	106.00
194.380	109.00
194.771	115.00
195.161	113.00
195.552	121.00
195.943	111.00
196.334	112.00
196.724	120.00
197.115	117.00
197.506	118.00
197.897	114.00
198.287	121.00
198.678	120.00
199.069	123.00
199.459	133.00
199.850	115.00
200.241	117.00
200.632	98.00
201.022	109.00
201.413	121.00
201.804	120.00
202.194	118.00
202.585	114.00
202.976	114.00
203.366	116.00
203.757	133.00
204.147	112.00
204.538	121.00
204.929	115.00
205.319	115.00
205.710	123.00
206.101	124.00
206.491	107.00
206.882	127.00
207.272	138.00
207.663	124.00
208.053	129.00
208.444	127.00
208.835	134.00
209.225	141.00
209.616	132.00
210.006	128.00
210.397	144.00
210.787	133.00
211.178	129.00
211.568	116.00
211.959	126.00
212.349	124.00
212.740	128.00
213.130	137.00
213.521	134.00
213.911	128.00
214.302	130.00
214.692	123.00
215.083	143.00
215.473	134.00
215.864	121.00
216.254	139.00
216.645	111.00
217.035	125.00
217.426	131.00
217.816	124.00
218.206	134.00
218.597	132.00
218.987	130.00
219.378	148.00
219.768	142.00
220.159	130.00
220.549	118.00
220.939	121.00
221.330	129.00
221.720	128.00
222.111	134.00
222.501	142.00
222.891	131.00
223.282	136.00
223.672	119.00
224.062	130.00
224.453	126.00
224.843	125.00
225.233	142.00
225.624	134.00
226.014	124.00
226.404	138.00
226.795	122.00
227.185	125.00
227.575	136.00
227.966	138.00
228.356	131.00
228.746	137.00
229.137	129.00
229.527	124.00
229.917	130.00
230.308	128.00
230.698	143.00
231.088	128.00
231.478	126.00
231.869	150.00
232.259	128.00
232.649	134.00
233.040	133.00
233.430	141.00
233.820	140.00
234.210	128.00
234.601	137.00
234.991	137.00
235.381	118.00
235.771	140.00
236.161	138.00
236.552	134.00
236.942	141.00
237.332	115.00
237.722	147.00
238.113	145.00
238.503	143.00
238.893	155.00
239.283	149.00
239.673	148.00
240.064	163.00
240.454	146.00
240.844	149.00
241.234	142.00
241.624	138.00
242.014	140.00
242.405	160.00
242.795	151.00
243.185	149.00
243.575	149.00
243.965	132.00
244.355	178.00
244.746	146.00
245.136	164.00
245.526	144.00
245.916	155.00
246.306	149.00
246.696	154.00
247.086	171.00
247.477	160.00
247.867	144.00
248.257	169.00
248.647	152.00
249.037	172.00
249.427	168.00
249.817	161.00
250.207	176.00
250.598	162.00
250.988	166.00
251.378	165.00
251.768	166.00
252.158	167.00
252.548	173.00
252.938	167.00
253.328	175.00
253.718	177.00
254.108	163.00
254.498	166.00
254.888	162.00
255.279	184.00
255.669	172.00
256.059	165.00
256.449	148.00
256.839	169.00
257.229	154.00
257.619	191.00
258.009	160.00
258.399	181.00
258.789	175.00
259.179	154.00
259.569	171.00
259.959	156.00
260.349	164.00
260.739	163.00
261.129	161.00
261.519	176.00
261.909	156.00
262.299	163.00
262.689	163.00
263.079	154.00
263.469	158.00
263.859	159.00
264.249	167.00
264.639	163.00
265.029	167.00
265.419	159.00
265.810	167.00
266.199	162.00
266.589	167.00
266.979	171.00
267.369	158.00
267.759	163.00
268.149	179.00
268.539	156.00
268.929	159.00
269.319	167.00
269.709	165.00
270.099	158.00
270.489	151.00
270.879	162.00
271.269	150.00
271.659	153.00
272.049	166.00
272.439	158.00
272.829	171.00
273.219	164.00
273.609	176.00
273.999	153.00
274.389	156.00
274.779	164.00
275.169	159.00
275.559	165.00
275.949	149.00
276.339	161.00
276.729	160.00
277.119	174.00
277.509	169.00
277.899	152.00
278.289	147.00
278.679	164.00
279.069	157.00
279.459	155.00
279.849	168.00
280.238	164.00
280.628	166.00
281.018	164.00
281.408	163.00
281.798	170.00
282.188	159.00
282.578	172.00
282.968	150.00
283.358	159.00
283.748	151.00
284.138	166.00
284.528	178.00
284.918	158.00
285.308	190.00
285.698	173.00
286.088	158.00
286.478	169.00
286.867	155.00
287.257	169.00
287.647	160.00
288.037	169.00
288.427	155.00
288.817	185.00
289.207	171.00
289.597	165.00
289.987	159.00
290.377	150.00
290.767	169.00
291.157	147.00
291.547	149.00
291.937	181.00
292.327	171.00
292.716	168.00
293.106	155.00
293.496	163.00
293.886	190.00
294.276	169.00
294.666	165.00
295.056	164.00
295.446	158.00
295.836	158.00
296.226	159.00
296.616	167.00
297.006	163.00
297.396	160.00
297.785	165.00
298.175	158.00
298.565	163.00
298.955	166.00
299.345	160.00
299.735	154.00
300.125	160.00
300.515	173.00
300.905	177.00
301.295	159.00
301.685	149.00
302.075	161.00
302.465	156.00
302.854	166.00
303.244	159.00
303.634	150.00
304.024	166.00
304.414	161.00
304.804	163.00
305.194	172.00
305.584	161.00
305.974	157.00
306.364	166.00
306.754	153.00
307.144	156.00
307.534	182.00
307.924	156.00
308.314	181.00
308.703	164.00
309.093	166.00
309.483	155.00
309.873	168.00
310.263	172.00
310.653	158.00
311.043	172.00
311.433	162.00
311.823	176.00
312.213	173.00
312.603	178.00
312.993	167.00
313.383	172.00
313.773	174.00
314.163	171.00
314.553	165.00
314.943	158.00
315.332	167.00
315.722	173.00
316.112	171.00
316.502	168.00
316.892	161.00
317.282	165.00
317.672	160.00
318.062	161.00
318.452	184.00
318.842	180.00
319.232	156.00
319.622	187.00
320.012	163.00
320.402	180.00
320.792	176.00
321.182	182.00
321.572	177.00
321.962	171.00
322.352	173.00
322.742	189.00
323.132	196.00
323.522	182.00
323.912	179.00
324.302	194.00
324.692	164.00
325.082	187.00
325.472	173.00
325.862	185.00
326.252	186.00
326.642	196.00
327.032	213.00
327.422	212.00
327.812	218.00
328.202	204.00
328.592	207.00
328.982	207.00
329.372	210.00
329.762	213.00
330.152	220.00
330.542	206.00
330.932	212.00
331.322	240.00
331.712	230.00
332.102	226.00
332.492	229.00
332.882	242.00
333.272	237.00
333.662	235.00
334.052	247.00
334.442	247.00
334.832	249.00
335.222	233.00
335.612	223.00
336.002	242.00
336.392	233.00
336.782	244.00
337.172	271.00
337.562	288.00
337.952	263.00
338.342	251.00
338.733	256.00
339.123	262.00
339.513	272.00
339.903	258.00
340.293	259.00
340.683	243.00
341.073	227.00
341.463	223.00
341.853	253.00
342.243	284.00
342.633	303.00
343.023	321.00
343.413	331.00
343.804	318.00
344.194	310.00
344.584	317.00
344.974	328.00
345.364	334.00
345.754	347.00
346.144	341.00
346.534	347.00
346.924	296.00
347.315	260.00
347.705	240.00
348.095	312.00
348.485	445.00
348.875	434.00
349.265	421.00
349.655	379.00
350.046	347.00
350.436	366.00
350.826	390.00
351.216	354.00
351.606	376.00
351.996	382.00
352.387	388.00
352.777	410.00
353.167	404.00
353.557	385.00
353.947	379.00
354.337	399.00
354.728	414.00
355.118	399.00
355.508	395.00
355.898	401.00
356.288	404.00
356.679	426.00
357.069	431.00
357.459	408.00
357.849	426.00
358.240	436.00
358.630	442.00
359.020	452.00
359.410	448.00
359.801	442.00
360.191	441.00
360.581	448.00
360.971	467.00
361.362	456.00
361.752	460.00
362.142	474.00
362.532	486.00
362.923	467.00
363.313	508.00
363.703	498.00
364.093	500.00
364.484	501.00
364.874	503.00
365.264	517.00
365.655	496.00
366.045	515.00
366.435	507.00
366.826	505.00
367.216	524.00
367.606	528.00
367.996	530.00
368.387	544.00
368.777	544.00
369.168	533.00
369.558	565.00
369.948	571.00
370.339	575.00
370.729	569.00
371.119	574.00
371.510	576.00
371.900	588.00
372.290	604.00
372.681	588.00
373.071	631.00
373.462	628.00
373.852	618.00
374.242	624.00
374.633	641.00
375.023	663.00
375.414	647.00
375.804	651.00
376.195	689.00
376.585	705.00
376.975	709.00
377.366	706.00
377.756	712.00
378.147	699.00
378.537	739.00
378.928	731.00
379.318	756.00
379.709	742.00
380.099	749.00
380.490	772.00
380.880	776.00
381.271	779.00
381.661	806.00
382.052	821.00
382.442	791.00
382.833	824.00
383.223	843.00
383.614	827.00
384.004	849.00
384.395	869.00
384.785	883.00
385.176	874.00
385.566	854.00
385.957	891.00
386.347	917.00
386.738	912.00
387.129	900.00
387.519	917.00
387.910	932.00
388.300	952.00
388.691	962.00
389.082	986.00
389.472	980.00
389.863	1008.00
390.253	1023.00
390.644	1036.00
391.035	1039.00
391.425	1024.00
391.816	1059.00
392.207	1076.00
392.597	1057.00
392.988	1108.00
393.379	1115.00
393.769	1095.00
394.160	1121.00
394.551	1184.00
394.941	1180.00
395.332	1189.00
395.723	1189.00
396.114	1190.00
396.504	1198.00
396.895	1250.00
397.286	1247.00
397.676	1237.00
398.067	1234.00
398.458	1261.00
398.849	1288.00
399.240	1285.00
399.630	1322.00
400.021	1303.00
400.412	1334.00
400.803	1351.00
401.193	1367.00
401.584	1394.00
401.975	1400.00
402.366	1413.00
402.757	1432.00
403.148	1430.00
403.538	1477.00
403.929	1461.00
404.320	1501.00
404.711	1488.00
405.102	1527.00
405.493	1553.00
405.884	1514.00
406.274	1575.00
406.665	1544.00
407.056	1587.00
407.447	1629.00
407.838	1606.00
408.229	1662.00
408.620	1651.00
409.011	1703.00
409.402	1642.00
409.793	1724.00
410.184	1736.00
410.575	1791.00
410.966	1806.00
411.357	1802.00
411.748	1801.00
412.139	1773.00
412.530	1873.00
412.921	1863.00
413.312	1893.00
413.703	1911.00
414.094	1966.00
414.485	1936.00
414.876	1991.00
415.267	1994.00
415.658	2001.00
416.049	2045.00
416.440	2019.00
416.831	2056.00
417.222	2046.00
417.613	2077.00
418.004	2111.00
418.395	2112.00
418.787	2145.00
419.178	2114.00
419.569	2191.00
419.960	2185.00
420.351	2225.00
420.742	2261.00
421.133	2238.00
421.525	2284.00
421.916	2290.00
422.307	2389.00
422.698	2297.00
423.089	2307.00
423.481	2367.00
423.872	2373.00
424.263	2440.00
424.654	2430.00
425.046	2471.00
425.437	2463.00
425.828	2460.00
426.219	2522.00
426.611	2555.00
427.002	2574.00
427.393	2581.00
427.785	2590.00
428.176	2698.00
428.567	2675.00
428.958	2686.00
429.350	2680.00
429.741	2679.00
430.133	2732.00
430.524	2787.00
430.915	2796.00
431.307	2828.00
431.698	2839.00
432.089	2902.00
432.481	2905.00
432.872	2935.00
433.264	3027.00
433.655	3083.00
434.047	2988.00
434.438	3059.00
434.829	3134.00
435.221	3114.00
435.612	3118.00
436.004	3167.00
436.395	3157.00
436.787	3176.00
437.178	3258.00
437.570	3227.00
437.961	3292.00
438.353	3322.00
438.744	3376.00
439.136	3436.00
439.528	3415.00
439.919	3456.00
440.311	3465.00
440.702	3523.00
441.094	3555.00
441.486	3523.00
441.877	3674.00
442.269	3656.00
442.660	3682.00
443.052	3681.00
443.444	3706.00
443.835	3729.00
444.227	3772.00
444.619	3833.00
445.010	3811.00
445.402	3883.00
445.794	3931.00
446.186	3928.00
446.577	3958.00
446.969	3966.00
447.361	4004.00
447.753	4035.00
448.144	4067.00
448.536	4067.00
448.928	4077.00
449.320	4161.00
449.711	4113.00
450.103	4233.00
450.495	4190.00
450.887	4247.00
451.279	4241.00
451.671	4226.00
452.062	4325.00
452.454	4300.00
452.846	4363.00
453.238	4409.00
453.630	4413.00
454.022	4464.00
454.414	4449.00
454.806	4532.00
455.198	4572.00
455.590	4658.00
455.982	4664.00
456.374	4689.00
456.766	4673.00
457.158	4788.00
457.550	4832.00
457.942	4864.00
458.334	4883.00
458.726	4934.00
459.118	5012.00
459.510	5036.00
459.902	5053.00
460.294	5107.00
460.686	5153.00
461.078	5175.00
461.470	5218.00
461.862	5208.00
462.254	5263.00
462.647	5337.00
463.039	5443.00
463.431	5420.00
463.823	5483.00
464.215	5566.00
464.607	5620.00
465.000	5584.00
465.392	5712.00
465.784	5709.00
466.176	5685.00
466.569	5778.00
466.961	5863.00
467.353	5907.00
467.745	5902.00
468.138	5945.00
468.530	5977.00
468.922	6020.00
469.315	6116.00
469.707	6079.00
470.099	6228.00
470.492	6158.00
470.884	6234.00
471.276	6318.00
471.669	6392.00
472.061	6319.00
472.453	6423.00
472.846	6449.00
473.238	6498.00
473.631	6492.00
474.023	6581.00
474.416	6612.00
474.808	6704.00
475.201	6716.00
475.593	6677.00
475.986	6735.00
476.378	6831.00
476.771	6807.00
477.163	6846.00
477.556	6854.00
477.948	6936.00
478.341	7047.00
478.733	6998.00
479.126	6989.00
479.519	6999.00
479.911	7154.00
480.304	7079.00
480.697	7220.00
481.089	7251.00
481.482	7260.00
481.875	7310.00
482.267	7242.00
482.660	7325.00
483.053	7405.00
483.445	7476.00
483.838	7419.00
484.231	7540.00
484.624	7578.00
485.016	7600.00
485.409	7730.00
485.802	7731.00
486.195	7702.00
486.588	7813.00
486.980	7831.00
487.373	7938.00
487.766	7897.00
488.159	8010.00
488.552	8060.00
488.945	8012.00
489.338	8211.00
489.731	8151.00
490.124	8269.00
490.517	8352.00
490.909	8382.00
491.302	8533.00
491.695	8444.00
492.088	8590.00
492.481	8613.00
492.874	8575.00
493.267	8730.00
493.661	8823.00
494.054	8718.00
494.447	8952.00
494.840	8969.00
495.233	9056.00
495.626	9110.00
496.019	9176.00
496.412	9218.00
496.805	9217.00
497.198	9271.00
497.592	9416.00
497.985	9495.00
498.378	9439.00
498.771	9516.00
499.164	9510.00
499.558	9534.00
499.951	9569.00
500.344	9613.00
500.737	9547.00
501.131	9700.00
501.524	9695.00
501.917	9772.00
502.311	9783.00
502.704	9918.00
503.097	9899.00
503.491	10019.00
503.884	10020.00
504.277	9999.00
504.671	10134.00
505.064	10109.00
505.458	10046.00
505.851	10247.00
506.245	10230.00
506.638	10246.00
507.031	10312.00
507.425	10334.00
507.818	10396.00
508.212	10523.00
508.605	10552.00
508.999	10566.00
509.393	10599.00
509.786	10683.00
510.180	10740.00
510.573	10657.00
510.967	10785.00
511.361	10996.00
511.754	10886.00
512.148	10970.00
512.542	11061.00
512.935	11125.00
513.329	11094.00
513.723	11139.00
514.116	11256.00
514.510	11268.00
514.904	11275.00
515.298	11241.00
515.691	11398.00
516.085	11462.00
516.479	11378.00
516.873	11422.00
517.267	11458.00
517.660	11593.00
518.054	11598.00
518.448	11793.00
518.842	11647.00
519.236	11771.00
519.630	11772.00
520.024	11887.00
520.418	12007.00
520.812	11995.00
521.206	12036.00
521.600	12157.00
521.994	12249.00
522.388	12205.00
522.782	12253.00
523.176	12373.00
523.570	12345.00
523.964	12379.00
524.358	12644.00
524.752	12710.00
525.146	12726.00
525.540	12729.00
525.934	12833.00
526.329	12825.00
526.723	12934.00
527.117	12992.00
527.511	13090.00
527.905	13133.00
528.300	13287.00
528.694	13244.00
529.088	13240.00
529.482	13416.00
529.877	13393.00
530.271	13512.00
530.665	13536.00
531.060	13615.00
531.454	13759.00
531.848	13735.00
532.243	13828.00
532.637	13854.00
533.031	14037.00
533.426	14023.00
533.820	14051.00
534.215	14080.00
534.609	14042.00
535.004	14238.00
535.398	14207.00
535.793	14389.00
536.187	14284.00
536.582	14476.00
536.976	14470.00
537.371	14528.00
537.766	14563.00
538.160	14605.00
538.555	14575.00
538.949	14737.00
539.344	14742.00
539.739	14896.00
540.133	14976.00
540.528	15001.00
540.923	14998.00
541.317	15099.00
541.712	15022.00
542.107	15194.00
542.502	15251.00
542.897	15310.00
543.291	15326.00
543.686	15392.00
544.081	15345.00
544.476	15505.00
544.871	15500.00
545.266	15621.00
545.661	15667.00
546.055	15740.00
546.450	15736.00
546.845	15720.00
547.240	15845.00
547.635	15986.00
548.030	15890.00
548.425	16007.00
548.820	15888.00
549.215	15937.00
549.610	16238.00
550.005	16267.00
550.400	16323.00
550.796	16514.00
551.191	16530.00
551.586	16598.00
551.981	16694.00
552.376	16589.00
552.771	16732.00
553.166	16756.00
553.562	16896.00
553.957	17114.00
554.352	17168.00
554.747	17131.00
555.143	17314.00
555.538	17441.00
555.933	17555.00
556.329	17636.00
556.724	17759.00
557.119	17763.00
557.515	17846.00
557.910	17849.00
558.306	17711.00
558.701	17866.00
559.096	17883.00
559.492	18057.00
559.887	18108.00
560.283	17973.00
560.678	18131.00
561.074	18113.00
561.469	18111.00
561.865	18071.00
562.260	18237.00
562.656	18296.00
563.052	18408.00
563.447	18387.00
563.843	18459.00
564.239	18511.00
564.634	18640.00
565.030	18673.00
565.426	18788.00
565.821	18669.00
566.217	18784.00
566.613	18800.00
567.009	19022.00
567.405	19065.00
567.800	19119.00
568.196	19240.00
568.592	19384.00
568.988	19520.00
569.384	19557.00
569.780	19644.00
570.176	19687.00
570.572	19899.00
570.967	19976.00
571.363	20097.00
571.759	20226.00
572.155	20278.00
572.551	20428.00
572.948	20536.00
573.344	20734.00
573.740	20643.00
574.136	20764.00
574.532	21016.00
574.928	21096.00
575.324	21308.00
575.720	21368.00
576.116	21340.00
576.513	21541.00
576.909	21605.00
577.305	21706.00
577.701	21689.00
578.098	21829.00
578.494	21909.00
578.890	21984.00
579.286	22059.00
579.683	22023.00
580.079	22066.00
580.475	22176.00
580.872	22120.00
581.268	22104.00
581.665	22288.00
582.061	22267.00
582.458	22405.00
582.854	22062.00
583.251	22356.00
583.647	22300.00
584.044	22228.00
584.440	22541.00
584.837	22384.00
585.233	22547.00
585.630	22405.00
586.027	22501.00
586.423	22493.00
586.820	22583.00
587.217	22553.00
587.613	22658.00
588.010	22684.00
588.407	22737.00
588.804	22788.00
589.200	22794.00
589.597	22622.00
589.994	22788.00
590.391	22843.00
590.788	22942.00
591.184	22991.00
591.581	23051.00
591.978	23076.00
592.375	23110.00
592.772	22992.00
593.169	22988.00
593.566	23255.00
593.963	23273.00
594.360	23097.00
594.757	23316.00
595.154	23213.00
595.551	23396.00
595.948	23290.00
596.345	23464.00
596.742	23477.00
597.140	23442.00
597.537	23377.00
597.934	23367.00
598.331	23640.00
598.728	23727.00
599.125	23675.00
599.523	23748.00
599.920	23799.00
600.317	23786.00
600.715	23830.00
601.112	23892.00
601.509	24089.00
601.907	24114.00
602.304	24189.00
602.702	24103.00
603.099	24130.00
603.496	24241.00
603.894	24398.00
604.291	24379.00
604.689	24498.00
605.086	24490.00
605.484	24379.00
605.882	24566.00
606.279	24612.00
606.677	24651.00
607.074	24851.00
607.472	24699.00
607.870	24810.00
608.267	25050.00
608.665	25052.00
609.063	25219.00
609.461	25128.00
609.858	25193.00
610.256	25292.00
610.654	25487.00
611.052	25650.00
611.449	25750.00
611.847	25752.00
612.245	26197.00
612.643	26834.00
613.041	27509.00
613.439	28482.00
613.837	29421.00
614.235	28987.00
614.633	26829.00
615.031	23834.00
615.429	20861.00
615.827	17274.00
616.225	13526.00
616.623	11064.00
617.021	10712.00
617.419	11998.00
617.818	14182.00
618.216	16737.00
618.614	19758.00
619.012	21465.00
619.410	21861.00
619.809	22740.00
620.207	29967.00
620.605	32498.00
621.004	23592.00
621.402	18869.00
621.800	22667.00
622.199	28618.00
622.597	31153.00
622.996	31099.00
623.394	29921.00
623.792	29079.00
624.191	28336.00
624.589	27957.00
624.988	27684.00
625.387	27428.00
625.785	27194.00
626.184	27157.00
626.582	27003.00
626.981	26935.00
627.380	26940.00
627.778	27014.00
628.177	26745.00
628.576	26944.00
628.974	26958.00
629.373	26963.00
629.772	27123.00
630.171	26914.00
630.570	26833.00
630.968	26665.00
631.367	26859.00
631.766	27018.00
632.165	27036.00
632.564	27138.00
632.963	27252.00
633.362	27250.00
633.761	27676.00
634.160	27708.00
634.559	27940.00
634.958	28048.00
635.357	27998.00
635.756	28293.00
636.155	28253.00
636.554	28223.00
636.954	28594.00
637.353	28673.00
637.752	28681.00
638.151	28960.00
638.550	28985.00
638.950	29097.00
639.349	28974.00
639.748	28882.00
640.148	28886.00
640.547	28761.00
640.946	28851.00
641.346	28860.00
641.745	28937.00
642.145	28829.00
642.544	28830.00
642.943	28907.00
643.343	29048.00
643.742	28946.00
644.142	28919.00
644.542	28954.00
644.941	29160.00
645.341	29098.00
645.740	29146.00
646.140	29023.00
646.540	29117.00
646.940	28995.00
647.339	29193.00
647.739	29089.00
648.139	29054.00
648.539	29252.00
648.938	29310.00
649.338	29424.00
649.738	29306.00
650.138	29168.00
650.538	29308.00
650.938	29540.00
651.338	29477.00
651.738	29449.00
652.138	29546.00
652.538	29385.00
652.938	29435.00
653.338	29509.00
653.738	29717.00
654.138	29532.00
654.538	29485.00
654.938	29710.00
655.338	29860.00
655.739	29763.00
656.139	29780.00
656.539	29695.00
656.939	29876.00
657.339	29921.00
657.740	29972.00
658.140	30037.00
658.540	30024.00
658.941	30130.00
659.341	30249.00
659.742	30235.00
660.142	30130.00
660.542	30355.00
660.943	30310.00
661.343	30310.00
661.744	30444.00
662.145	30446.00
662.545	30364.00
662.946	30518.00
663.346	30546.00
663.747	30471.00
664.148	30623.00
664.548	30620.00
664.949	30603.00
665.350	30597.00
665.751	30529.00
666.151	30682.00
666.552	31010.00
666.953	30742.00
667.354	30902.00
667.755	30840.00
668.156	31008.00
668.557	30978.00
668.958	31014.00
669.358	31010.00
669.759	31004.00
670.160	31185.00
670.562	30800.00
670.963	31003.00
671.364	31226.00
671.765	31330.00
672.166	31472.00
672.567	31264.00
672.968	31108.00
673.369	31152.00
673.771	31130.00
674.172	31204.00
674.573	31108.00
674.975	31170.00
675.376	31307.00
675.777	31366.00
676.179	31557.00
676.580	31497.00
676.981	31434.00
677.383	31545.00
677.784	31532.00
678.186	31527.00
678.587	31461.00
678.989	31686.00
679.390	31572.00
679.792	31551.00
680.194	31678.00
680.595	31729.00
680.997	31837.00
681.398	31862.00
681.800	31799.00
682.202	31808.00
682.604	31681.00
683.006	32001.00
683.407	31786.00
683.809	31810.00
684.211	31610.00
684.613	31886.00
685.015	31829.00
685.417	31877.00
685.819	31612.00
686.221	31882.00
686.623	31787.00
687.025	31699.00
687.427	31630.00
687.829	31622.00
688.231	31628.00
688.633	31806.00
689.035	31833.00
689.437	32163.00
689.839	32035.00
690.242	32054.00
690.644	32089.00
691.046	32094.00
691.448	32216.00
691.851	32043.00
692.253	32123.00
692.656	32101.00
693.058	32259.00
693.460	32320.00
693.863	32454.00
694.265	32361.00
694.668	32470.00
695.070	32127.00
695.473	32277.00
695.875	32312.00
696.278	32395.00
696.681	32334.00
697.083	32421.00
697.486	32174.00
697.889	32356.00
698.291	32531.00
698.694	32412.00
699.097	32283.00
699.500	32422.00
699.902	32481.00
700.305	32386.00
700.708	32442.00
701.111	32526.00
701.514	32384.00
701.917	32495.00
702.320	32509.00
702.723	32583.00
703.126	32468.00
703.529	32478.00
703.932	32535.00
704.335	32344.00
704.738	32352.00
705.141	32473.00
705.545	32299.00
705.948	32259.00
706.351	32435.00
706.754	32352.00
707.157	32385.00
707.561	32286.00
707.964	32511.00
708.367	32354.00
708.771	32454.00
709.174	32637.00
709.578	32479.00
709.981	32520.00
710.385	32430.00
710.788	32643.00
711.192	32578.00
711.595	32536.00
711.999	32610.00
712.402	32574.00
712.806	32595.00
713.210	32622.00
713.613	32544.00
714.017	32699.00
714.421	32585.00
714.825	32512.00
715.229	32528.00
715.632	32523.00
716.036	32510.00
716.440	32557.00
716.844	32454.00
717.248	32592.00
717.652	32501.00
718.056	32613.00
718.460	32654.00
718.864	32563.00
719.268	32581.00
719.672	32622.00
720.076	32592.00
720.480	32564.00
720.884	32621.00
721.289	32513.00
721.693	32587.00
722.097	32611.00
722.501	32301.00
722.906	32491.00
723.310	32384.00
723.714	32437.00
724.119	32241.00
724.523	32436.00
724.927	32488.00
725.332	32541.00
725.736	32304.00
726.141	32226.00
726.545	32414.00
726.950	32357.00
727.355	32387.00
727.759	32283.00
728.164	32235.00
728.569	32198.00
728.973	32214.00
729.378	32101.00
729.783	32014.00
730.188	31992.00
730.592	32046.00
730.997	32164.00
731.402	32105.00
731.807	32056.00
732.212	31975.00
732.617	31972.00
733.022	31969.00
733.427	31929.00
733.832	31950.00
734.237	31961.00
734.642	32036.00
735.047	32076.00
735.452	32007.00
735.857	32203.00
736.263	32256.00
736.668	32402.00
737.073	32455.00
737.478	32673.00
737.884	32664.00
738.289	32859.00
738.694	32851.00
739.100	32914.00
739.505	32885.00
739.911	32810.00
740.316	32723.00
740.721	32800.00
741.127	32587.00
741.532	32517.00
741.938	32439.00
742.344	32239.00
742.749	32195.00
743.155	32164.00
743.561	32156.00
743.966	32161.00
744.372	32069.00
744.778	32076.00
745.184	31912.00
745.590	31840.00
745.995	31837.00
746.401	31432.00
746.807	31273.00
747.213	31613.00
747.619	31399.00
748.025	31317.00
748.431	31209.00
748.837	31239.00
749.243	31049.00
749.649	31015.00
750.056	31017.00
750.462	31176.00
750.868	31135.00
751.274	31249.00
751.680	31221.00
752.087	31290.00
752.493	31327.00
752.899	31184.00
753.306	31381.00
753.712	31469.00
754.119	31389.00
754.525	31554.00
754.932	31612.00
755.338	31612.00
755.744	31603.00
756.151	31749.00
756.558	31764.00
756.964	31892.00
757.371	31872.00
757.778	31896.00
758.184	32170.00
758.591	32204.00
758.998	32339.00
759.405	32481.00
759.811	32453.00
760.218	32469.00
760.625	32489.00
761.032	32672.00
761.439	32556.00
761.846	32691.00
762.253	32595.00
762.660	32559.00
763.067	32698.00
763.474	32674.00
763.881	32641.00
764.289	32762.00
764.696	32798.00
765.103	32646.00
765.510	32583.00
765.917	32638.00
766.325	32324.00
766.732	32372.00
767.139	32359.00
767.547	32142.00
767.954	32035.00
768.362	31919.00
768.769	31902.00
769.177	31780.00
769.584	31577.00
769.992	31533.00
770.399	31618.00
770.807	31541.00
771.215	31425.00
771.622	31356.00
772.030	31291.00
772.438	31242.00
772.845	31202.00
773.253	31146.00
773.661	31026.00
774.069	30812.00
774.477	30727.00
774.885	30563.00
775.293	30340.00
775.701	30370.00
776.109	30269.00
776.517	30276.00
776.925	30005.00
777.333	30054.00
777.741	30010.00
778.149	29925.00
778.557	29949.00
778.965	29909.00
779.374	30014.00
779.782	29926.00
780.190	29828.00
780.599	29729.00
781.007	29742.00
781.415	29631.00
781.824	29658.00
782.232	29590.00
782.641	29545.00
783.049	29487.00
783.458	29295.00
783.866	29209.00
784.275	29132.00
784.684	28973.00
785.092	28821.00
785.501	28775.00
785.910	28576.00
786.318	28767.00
786.727	28710.00
787.136	28820.00
787.545	28983.00
787.954	28835.00
788.363	29066.00
788.772	28811.00
789.181	28749.00
789.590	28501.00
789.999	28371.00
790.408	28231.00
790.817	28131.00
791.226	28091.00
791.635	28047.00
792.044	27870.00
792.454	27775.00
792.863	27818.00
793.272	27967.00
793.681	27809.00
794.091	27792.00
794.500	27844.00
794.910	27644.00
795.319	27627.00
795.728	27720.00
796.138	27711.00
796.547	27798.00
796.957	27883.00
797.367	27781.00
797.776	27727.00
798.186	27649.00
798.596	27473.00
799.005	27386.00
799.415	27088.00
799.825	26888.00
800.235	26780.00
800.644	26894.00
801.054	26951.00
801.464	26936.00
801.874	26919.00
802.284	26979.00
802.694	26774.00
803.104	26835.00
803.514	26987.00
803.924	26885.00
804.334	26738.00
804.745	26934.00
805.155	26866.00
805.565	26837.00
805.975	26755.00
806.386	26746.00
806.796	26549.00
807.206	26612.00
807.617	26540.00
808.027	26372.00
808.438	26243.00
808.848	26144.00
809.258	26068.00
809.669	26152.00
810.080	26102.00
810.490	26310.00
810.901	26258.00
811.312	26525.00
811.722	26439.00
812.133	26504.00
812.544	26229.00
812.954	26067.00
813.365	26087.00
813.776	26178.00
814.187	26044.00
814.598	25925.00
815.009	25954.00
815.420	25786.00
815.831	25946.00
816.242	25718.00
816.653	25641.00
817.064	25703.00
817.475	25665.00
817.887	25533.00
818.298	25561.00
818.709	25595.00
819.120	25706.00
819.532	25714.00
819.943	25728.00
820.354	25569.00
820.766	25877.00
821.177	25754.00
821.589	25728.00
822.000	25888.00
822.412	25755.00
822.823	25723.00
823.235	25593.00
823.647	25330.00
824.058	25327.00
824.470	25297.00
824.882	25255.00
825.293	25267.00
825.705	25120.00
826.117	25085.00
826.529	25096.00
826.941	25174.00
827.353	25212.00
827.765	25052.00
828.177	25073.00
828.589	25208.00
829.001	25223.00
829.413	25271.00
829.825	25301.00
830.237	25274.00
830.649	25540.00
831.062	25426.00
831.474	25188.00
831.886	25191.00
832.299	24976.00
832.711	24985.00
833.123	24686.00
833.536	24646.00
833.948	24639.00
834.361	24521.00
834.773	24676.00
835.186	24663.00
835.599	24472.00
836.011	24527.00
836.424	24504.00
836.837	24539.00
837.249	24559.00
837.662	24541.00
838.075	24868.00
838.488	24829.00
838.901	24624.00
839.313	24774.00
839.726	24624.00
840.139	24694.00
840.552	24512.00
840.965	24876.00
841.378	24725.00
841.792	24450.00
842.205	24259.00
842.618	24090.00
843.031	23936.00
843.444	23902.00
843.858	23875.00
844.271	23889.00
844.684	23934.00
845.098	23926.00
845.511	24047.00
845.924	24159.00
846.338	24273.00
846.752	24316.00
847.165	24250.00
847.579	24336.00
847.992	24294.00
848.406	24018.00
848.820	24113.00
849.233	24144.00
849.647	23990.00
850.061	23978.00
850.475	23885.00
850.888	23624.00
851.302	23683.00
851.716	23535.00
852.130	23634.00
852.544	23453.00
852.958	23372.00
853.372	23460.00
853.786	23306.00
854.201	23523.00
854.615	23764.00
855.029	23713.00
855.443	23908.00
855.858	23950.00
856.272	23836.00
856.686	23802.00
857.100	23770.00
857.515	23580.00
857.929	23503.00
858.344	23416.00
858.758	23097.00
859.173	23220.00
859.588	23202.00
860.002	23256.00
860.417	23349.00
860.831	23423.00
861.246	23375.00
861.661	23402.00
862.076	23324.00
862.491	23188.00
862.906	23187.00
863.320	23465.00
863.735	23320.00
864.150	23506.00
864.565	23447.00
864.980	23614.00
865.395	23545.00
865.811	23727.00
866.226	23783.00
866.641	23638.00
867.056	23594.00
867.471	23332.00
867.887	23353.00
868.302	23310.00
868.717	23263.00
869.133	23235.00
869.548	23200.00
869.964	23057.00
870.379	23151.00
870.795	23121.00
871.210	23134.00
871.626	23090.00
872.042	22910.00
872.457	23094.00
872.873	23207.00
873.289	23259.00
873.704	23200.00
874.120	23300.00
874.536	23232.00
874.952	23304.00
875.368	23220.00
875.784	23243.00
876.200	23257.00
876.616	23171.00
877.032	23197.00
877.448	23122.00
877.864	23001.00
878.280	22736.00
878.697	22737.00
879.113	22814.00
879.529	22598.00
879.945	22640.00
880.362	22546.00
880.778	22374.00
881.195	22272.00
881.611	22440.00
882.028	22349.00
882.444	22375.00
882.861	22644.00
883.277	22920.00
883.694	22875.00
884.111	22987.00
884.528	23241.00
884.944	23426.00
885.361	23777.00
885.778	23964.00
886.195	24087.00
886.612	24451.00
887.029	24597.00
887.446	24545.00
887.863	24799.00
888.280	24817.00
888.697	24933.00
889.114	24953.00
889.531	24963.00
889.948	25009.00
890.366	24864.00
890.783	25033.00
891.200	24858.00
891.618	24946.00
892.035	24668.00
892.452	24638.00
892.870	24565.00
893.287	24525.00
893.705	24337.00
894.122	24239.00
894.540	24126.00
894.958	23971.00
895.375	23824.00
895.793	23635.00
896.211	23617.00
896.629	23512.00
897.046	23420.00
897.464	23311.00
897.882	23334.00
898.300	23330.00
898.718	23506.00
899.136	23317.00
899.554	23457.00
899.972	23385.00
900.390	23358.00
900.809	23134.00
901.227	23057.00
901.645	22944.00
902.063	22886.00
902.482	22815.00
902.900	22745.00
903.318	22821.00
903.737	22667.00
904.155	22706.00
904.574	22729.00
904.992	22422.00
905.411	22461.00
905.829	22295.00
906.248	22354.00
906.667	22314.00
907.086	22235.00
907.504	22191.00
907.923	22003.00
908.342	22089.00
908.761	22092.00
909.180	21966.00
909.599	21923.00
910.018	22042.00
910.437	22160.00
910.856	22059.00
911.275	22111.00
911.694	22183.00
912.113	22234.00
912.532	22143.00
912.952	22086.00
913.371	22088.00
913.790	22018.00
914.210	22051.00
914.629	21989.00
915.049	21890.00
915.468	21839.00
915.888	21754.00
916.307	21790.00
916.727	21735.00
917.146	21615.00
917.566	21650.00
917.986	21681.00
918.406	21670.00
918.825	21394.00
919.245	21315.00
919.665	21223.00
920.085	21039.00
920.505	21071.00
920.925	21166.00
921.345	21145.00
921.765	21114.00
922.185	21046.00
922.605	21176.00
923.026	21092.00
923.446	21167.00
923.866	21218.00
924.286	20972.00
924.707	21061.00
925.127	21186.00
925.547	21018.00
925.968	21045.00
926.388	21092.00
926.809	20960.00
927.229	20930.00
927.650	20865.00
928.071	20864.00
928.491	20858.00
928.912	20717.00
929.333	20633.00
929.754	20592.00
930.175	20496.00
930.595	20224.00
931.016	20262.00
931.437	20098.00
931.858	19890.00
932.279	19824.00
932.700	19800.00
933.122	19751.00
933.543	19643.00
933.964	19611.00
934.385	19752.00
934.806	19606.00
935.228	19649.00
935.649	19593.00
936.070	19673.00
936.492	19695.00
936.913	19699.00
937.335	19639.00
937.756	19608.00
938.178	19561.00
938.600	19592.00
939.021	19632.00
939.443	19592.00
939.865	19526.00
940.286	19624.00
940.708	19856.00
941.130	19541.00
941.552	19682.00
941.974	19576.00
942.396	19466.00
942.818	19327.00
943.240	19205.00
943.662	19053.00
944.084	19019.00
944.507	18836.00
944.929	18866.00
945.351	18863.00
945.773	18702.00
946.196	18699.00
946.618	18799.00
947.041	18702.00
947.463	18687.00
947.886	18603.00
948.308	18605.00
948.731	18586.00
949.153	18604.00
949.576	18597.00
949.999	18611.00
950.421	18541.00
950.844	18473.00
951.267	18457.00
951.690	18541.00
952.113	18460.00
952.536	18294.00
952.959	18364.00
953.382	18218.00
953.805	18286.00
954.228	18257.00
954.651	18049.00
955.074	17885.00
955.498	17866.00
955.921	17704.00
956.344	17741.00
956.768	17571.00
957.191	17596.00
957.614	17450.00
958.038	17487.00
958.461	17487.00
958.885	17332.00
959.309	17276.00
959.732	17391.00
960.156	17423.00
960.580	17428.00
961.003	17524.00
961.427	17386.00
961.851	17414.00
962.275	17280.00
962.699	17302.00
963.123	17272.00
963.547	17145.00
963.971	17009.00
964.395	16947.00
964.819	16869.00
965.243	16748.00
965.668	16831.00
966.092	16792.00
966.516	16958.00
966.940	16845.00
967.365	16975.00
967.789	16883.00
968.214	16905.00
968.638	16829.00
969.063	16839.00
969.487	16853.00
969.912	16760.00
970.337	16616.00
970.761	16611.00
971.186	16545.00
971.611	16395.00
972.036	16518.00
972.461	16435.00
972.885	16378.00
973.310	16261.00
973.735	16331.00
974.161	16174.00
974.586	16212.00
975.011	16039.00
975.436	15891.00
975.861	15808.00
976.286	15761.00
976.712	15713.00
977.137	15500.00
977.562	15072.00
977.988	15023.00
