159.571	59.00
159.963	71.00
160.354	86.00
160.746	81.00
161.137	75.00
161.528	74.00
161.920	84.00
162.311	88.00
162.703	85.00
163.094	69.00
163.485	72.00
163.877	85.00
164.268	91.00
164.660	73.00
165.051	89.00
165.442	64.00
165.834	93.00
166.225	85.00
166.616	79.00
167.007	87.00
167.399	72.00
167.790	76.00
168.181	83.00
168.573	80.00
168.964	87.00
169.355	77.00
169.746	68.00
170.138	75.00
170.529	85.00
170.920	78.00
171.311	73.00
171.702	70.00
172.094	69.00
172.485	74.00
172.876	77.00
173.267	96.00
173.658	70.00
174.050	68.00
174.441	79.00
174.832	73.00
175.223	81.00
175.614	92.00
176.005	79.00
176.396	74.00
176.787	81.00
177.179	63.00
177.570	58.00
177.961	62.00
178.352	65.00
178.743	58.00
179.134	57.00
179.525	65.00
179.916	69.00
180.307	77.00
180.698	68.00
181.089	63.00
181.480	63.00
181.871	74.00
182.262	42.00
182.653	54.00
183.044	57.00
183.435	66.00
183.826	67.00
184.217	70.00
184.608	77.00
184.999	69.00
185.390	59.00
185.781	68.00
186.172	65.00
186.563	63.00
186.954	56.00
187.345	60.00
187.736	71.00
188.126	67.00
188.517	60.00
188.908	63.00
189.299	58.00
189.690	70.00
190.081	75.00
190.472	55.00
190.862	66.00
191.253	62.00
191.644	60.00
192.035	59.00
192.426	68.00
192.817	62.00
193.207	76.00
193.598	69.00
193.989	58.00
194.380	60.00
194.771	78.00
195.161	73.00
195.552	77.00
195.943	64.00
196.334	87.00
196.724	81.00
197.115	74.00
197.506	93.00
197.897	70.00
198.287	89.00
198.678	85.00
199.069	77.00
199.459	85.00
199.850	66.00
200.241	77.00
200.632	84.00
201.022	74.00
201.413	86.00
201.804	81.00
202.194	75.00
202.585	80.00
202.976	86.00
203.366	86.00
203.757	98.00
204.147	66.00
204.538	96.00
204.929	90.00
205.319	86.00
205.710	80.00
206.101	80.00
206.491	82.00
206.882	88.00
207.272	93.00
207.663	88.00
208.053	100.00
208.444	74.00
208.835	85.00
209.225	101.00
209.616	91.00
210.006	98.00
210.397	88.00
210.787	99.00
211.178	86.00
211.568	96.00
211.959	91.00
212.349	91.00
212.740	95.00
213.130	85.00
213.521	108.00
213.911	99.00
214.302	108.00
214.692	87.00
215.083	95.00
215.473	98.00
215.864	94.00
216.254	98.00
216.645	103.00
217.035	96.00
217.426	115.00
217.816	104.00
218.206	87.00
218.597	98.00
218.987	108.00
219.378	110.00
219.768	103.00
220.159	100.00
220.549	104.00
220.939	96.00
221.330	93.00
221.720	95.00
222.111	102.00
222.501	92.00
222.891	117.00
223.282	95.00
223.672	90.00
224.062	101.00
224.453	90.00
224.843	94.00
225.233	98.00
225.624	107.00
226.014	103.00
226.404	92.00
226.795	84.00
227.185	100.00
227.575	100.00
227.966	104.00
228.356	82.00
228.746	107.00
229.137	94.00
229.527	92.00
229.917	105.00
230.308	95.00
230.698	103.00
231.088	101.00
231.478	98.00
231.869	100.00
232.259	114.00
232.649	96.00
233.040	97.00
233.430	95.00
233.820	105.00
234.210	110.00
234.601	115.00
234.991	99.00
235.381	86.00
235.771	97.00
236.161	100.00
236.552	97.00
236.942	109.00
237.332	107.00
237.722	112.00
238.113	100.00
238.503	104.00
238.893	107.00
239.283	105.00
239.673	109.00
240.064	106.00
240.454	100.00
240.844	110.00
241.234	99.00
241.624	112.00
242.014	106.00
242.405	114.00
242.795	109.00
243.185	108.00
243.575	123.00
243.965	119.00
244.355	114.00
244.746	122.00
245.136	107.00
245.526	100.00
245.916	120.00
246.306	120.00
246.696	98.00
247.086	131.00
247.477	115.00
247.867	119.00
248.257	107.00
248.647	110.00
249.037	122.00
249.427	104.00
249.817	123.00
250.207	129.00
250.598	108.00
250.988	125.00
251.378	126.00
251.768	113.00
252.158	127.00
252.548	113.00
252.938	111.00
253.328	123.00
253.718	123.00
254.108	125.00
254.498	99.00
254.888	116.00
255.279	124.00
255.669	116.00
256.059	112.00
256.449	115.00
256.839	124.00
257.229	103.00
257.619	129.00
258.009	111.00
258.399	130.00
258.789	123.00
259.179	112.00
259.569	129.00
259.959	110.00
260.349	120.00
260.739	105.00
261.129	119.00
261.519	127.00
261.909	129.00
262.299	135.00
262.689	120.00
263.079	113.00
263.469	121.00
263.859	99.00
264.249	122.00
264.639	125.00
265.029	113.00
265.419	125.00
265.810	122.00
266.199	114.00
266.589	127.00
266.979	127.00
267.369	121.00
267.759	117.00
268.149	118.00
268.539	136.00
268.929	131.00
269.319	131.00
269.709	119.00
270.099	121.00
270.489	113.00
270.879	134.00
271.269	128.00
271.659	103.00
272.049	127.00
272.439	123.00
272.829	135.00
273.219	127.00
273.609	138.00
273.999	109.00
274.389	96.00
274.779	110.00
275.169	121.00
275.559	130.00
275.949	122.00
276.339	124.00
276.729	122.00
277.119	120.00
277.509	117.00
277.899	136.00
278.289	114.00
278.679	123.00
279.069	123.00
279.459	108.00
279.849	139.00
280.238	114.00
280.628	115.00
281.018	112.00
281.408	117.00
281.798	130.00
282.188	121.00
282.578	110.00
282.968	111.00
283.358	120.00
283.748	125.00
284.138	113.00
284.528	121.00
284.918	125.00
285.308	119.00
285.698	110.00
286.088	131.00
286.478	109.00
286.867	122.00
287.257	120.00
287.647	118.00
288.037	125.00
288.427	108.00
288.817	132.00
289.207	126.00
289.597	116.00
289.987	127.00
290.377	113.00
290.767	115.00
291.157	127.00
291.547	104.00
291.937	130.00
292.327	129.00
292.716	119.00
293.106	119.00
293.496	135.00
293.886	132.00
294.276	124.00
294.666	128.00
295.056	122.00
295.446	122.00
295.836	124.00
296.226	129.00
296.616	137.00
297.006	117.00
297.396	131.00
297.785	135.00
298.175	125.00
298.565	125.00
298.955	117.00
299.345	105.00
299.735	110.00
300.125	122.00
300.515	127.00
300.905	132.00
301.295	121.00
301.685	115.00
302.075	127.00
302.465	132.00
302.854	127.00
303.244	120.00
303.634	118.00
304.024	128.00
304.414	120.00
304.804	134.00
305.194	125.00
305.584	138.00
305.974	122.00
306.364	131.00
306.754	135.00
307.144	124.00
307.534	135.00
307.924	124.00
308.314	131.00
308.703	131.00
309.093	135.00
309.483	130.00
309.873	137.00
310.263	127.00
310.653	128.00
311.043	135.00
311.433	137.00
311.823	154.00
312.213	154.00
312.603	149.00
312.993	136.00
313.383	126.00
313.773	152.00
314.163	134.00
314.553	155.00
314.943	132.00
315.332	153.00
315.722	136.00
316.112	148.00
316.502	151.00
316.892	165.00
317.282	151.00
317.672	159.00
318.062	168.00
318.452	162.00
318.842	166.00
319.232	167.00
319.622	156.00
320.012	157.00
320.402	169.00
320.792	178.00
321.182	171.00
321.572	177.00
321.962	158.00
322.352	162.00
322.742	183.00
323.132	181.00
323.522	197.00
323.912	171.00
324.302	192.00
324.692	166.00
325.082	190.00
325.472	186.00
325.862	180.00
326.252	175.00
326.642	193.00
327.032	200.00
327.422	208.00
327.812	217.00
328.202	197.00
328.592	210.00
328.982	210.00
329.372	205.00
329.762	238.00
330.152	216.00
330.542	229.00
330.932	224.00
331.322	227.00
331.712	234.00
332.102	234.00
332.492	239.00
332.882	255.00
333.272	234.00
333.662	242.00
334.052	257.00
334.442	236.00
334.832	260.00
335.222	237.00
335.612	252.00
336.002	254.00
336.392	240.00
336.782	251.00
337.172	273.00
337.562	276.00
337.952	253.00
338.342	261.00
338.733	266.00
339.123	249.00
339.513	249.00
339.903	227.00
340.293	227.00
340.683	226.00
341.073	242.00
341.463	276.00
341.853	321.00
342.243	344.00
342.633	367.00
343.023	328.00
343.413	340.00
343.804	323.00
344.194	335.00
344.584	327.00
344.974	342.00
345.364	364.00
345.754	327.00
346.144	319.00
346.534	301.00
346.924	240.00
347.315	276.00
347.705	357.00
348.095	463.00
348.485	453.00
348.875	376.00
349.265	373.00
349.655	377.00
350.046	376.00
350.436	379.00
350.826	379.00
351.216	348.00
351.606	378.00
351.996	389.00
352.387	400.00
352.777	417.00
353.167	416.00
353.557	406.00
353.947	391.00
354.337	387.00
354.728	401.00
355.118	413.00
355.508	397.00
355.898	394.00
356.288	399.00
356.679	396.00
357.069	406.00
357.459	439.00
357.849	443.00
358.240	439.00
358.630	448.00
359.020	432.00
359.410	446.00
359.801	426.00
360.191	449.00
360.581	457.00
360.971	451.00
361.362	450.00
361.752	471.00
362.142	471.00
362.532	480.00
362.923	482.00
363.313	481.00
363.703	469.00
364.093	496.00
364.484	500.00
364.874	500.00
365.264	518.00
365.655	504.00
366.045	518.00
366.435	503.00
366.826	524.00
367.216	526.00
367.606	539.00
367.996	531.00
368.387	529.00
368.777	563.00
369.168	534.00
369.558	529.00
369.948	554.00
370.339	567.00
370.729	551.00
371.119	584.00
371.510	551.00
371.900	576.00
372.290	602.00
372.681	578.00
373.071	623.00
373.462	581.00
373.852	606.00
374.242	610.00
374.633	628.00
375.023	618.00
375.414	635.00
375.804	664.00
376.195	677.00
376.585	656.00
376.975	667.00
377.366	707.00
377.756	712.00
378.147	692.00
378.537	713.00
378.928	697.00
379.318	703.00
379.709	732.00
380.099	733.00
380.490	729.00
380.880	727.00
381.271	775.00
381.661	759.00
382.052	755.00
382.442	801.00
382.833	778.00
383.223	804.00
383.614	801.00
384.004	814.00
384.395	827.00
384.785	824.00
385.176	864.00
385.566	860.00
385.957	843.00
386.347	862.00
386.738	897.00
387.129	931.00
387.519	913.00
387.910	896.00
388.300	949.00
388.691	937.00
389.082	962.00
389.472	970.00
389.863	965.00
390.253	977.00
390.644	958.00
391.035	996.00
391.425	974.00
391.816	1021.00
392.207	1041.00
392.597	1010.00
392.988	1042.00
393.379	1039.00
393.769	1048.00
394.160	1099.00
394.551	1065.00
394.941	1076.00
395.332	1084.00
395.723	1094.00
396.114	1106.00
396.504	1130.00
396.895	1143.00
397.286	1159.00
397.676	1158.00
398.067	1170.00
398.458	1201.00
398.849	1205.00
399.240	1215.00
399.630	1232.00
400.021	1239.00
400.412	1262.00
400.803	1289.00
401.193	1293.00
401.584	1256.00
401.975	1303.00
402.366	1353.00
402.757	1335.00
403.148	1346.00
403.538	1376.00
403.929	1366.00
404.320	1385.00
404.711	1398.00
405.102	1420.00
405.493	1436.00
405.884	1444.00
406.274	1455.00
406.665	1441.00
407.056	1497.00
407.447	1533.00
407.838	1555.00
408.229	1533.00
408.620	1551.00
409.011	1542.00
409.402	1569.00
409.793	1591.00
410.184	1625.00
410.575	1638.00
410.966	1654.00
411.357	1649.00
411.748	1677.00
412.139	1664.00
412.530	1724.00
412.921	1713.00
413.312	1705.00
413.703	1719.00
414.094	1762.00
414.485	1775.00
414.876	1764.00
415.267	1771.00
415.658	1767.00
416.049	1848.00
416.440	1814.00
416.831	1826.00
417.222	1855.00
417.613	1813.00
418.004	1856.00
418.395	1923.00
418.787	1935.00
419.178	1908.00
419.569	1889.00
419.960	1921.00
420.351	1982.00
420.742	2003.00
421.133	2038.00
421.525	2011.00
421.916	2009.00
422.307	2051.00
422.698	2086.00
423.089	2034.00
423.481	2109.00
423.872	2105.00
424.263	2144.00
424.654	2147.00
425.046	2194.00
425.437	2164.00
425.828	2195.00
426.219	2249.00
426.611	2233.00
427.002	2285.00
427.393	2321.00
427.785	2325.00
428.176	2344.00
428.567	2389.00
428.958	2363.00
429.350	2394.00
429.741	2424.00
430.133	2419.00
430.524	2478.00
430.915	2499.00
431.307	2476.00
431.698	2492.00
432.089	2576.00
432.481	2543.00
432.872	2598.00
433.264	2610.00
433.655	2590.00
434.047	2664.00
434.438	2661.00
434.829	2668.00
435.221	2710.00
435.612	2692.00
436.004	2752.00
436.395	2788.00
436.787	2774.00
437.178	2797.00
437.570	2857.00
437.961	2832.00
438.353	2856.00
438.744	2825.00
439.136	2908.00
439.528	2849.00
439.919	2872.00
440.311	2903.00
440.702	2957.00
441.094	2965.00
441.486	3024.00
441.877	3014.00
442.269	3088.00
442.660	3071.00
443.052	3058.00
443.444	3112.00
443.835	3152.00
444.227	3177.00
444.619	3176.00
445.010	3250.00
445.402	3248.00
445.794	3237.00
446.186	3294.00
446.577	3315.00
446.969	3399.00
447.361	3370.00
447.753	3410.00
448.144	3435.00
448.536	3409.00
448.928	3525.00
449.320	3499.00
449.711	3509.00
450.103	3532.00
450.495	3592.00
450.887	3530.00
451.279	3635.00
451.671	3679.00
452.062	3642.00
452.454	3667.00
452.846	3687.00
453.238	3734.00
453.630	3819.00
454.022	3748.00
454.414	3822.00
454.806	3857.00
455.198	3899.00
455.590	3879.00
455.982	3958.00
456.374	3993.00
456.766	3979.00
457.158	3954.00
457.550	4049.00
457.942	4011.00
458.334	4071.00
458.726	4066.00
459.118	4117.00
459.510	4170.00
459.902	4231.00
460.294	4146.00
460.686	4222.00
461.078	4220.00
461.470	4252.00
461.862	4338.00
462.254	4362.00
462.647	4342.00
463.039	4398.00
463.431	4454.00
463.823	4462.00
464.215	4486.00
464.607	4532.00
465.000	4521.00
465.392	4588.00
465.784	4579.00
466.176	4656.00
466.569	4660.00
466.961	4781.00
467.353	4750.00
467.745	4805.00
468.138	4856.00
468.530	4863.00
468.922	4906.00
469.315	4850.00
469.707	4962.00
470.099	4954.00
470.492	5064.00
470.884	4979.00
471.276	5044.00
471.669	5102.00
472.061	5041.00
472.453	5156.00
472.846	5118.00
473.238	5185.00
473.631	5223.00
474.023	5159.00
474.416	5301.00
474.808	5296.00
475.201	5315.00
475.593	5357.00
475.986	5450.00
476.378	5412.00
476.771	5453.00
477.163	5510.00
477.556	5512.00
477.948	5512.00
478.341	5568.00
478.733	5593.00
479.126	5646.00
479.519	5628.00
479.911	5670.00
480.304	5675.00
480.697	5730.00
481.089	5777.00
481.482	5767.00
481.875	5862.00
482.267	5912.00
482.660	5924.00
483.053	5932.00
483.445	5991.00
483.838	6031.00
484.231	6017.00
484.624	6072.00
485.016	6101.00
485.409	6172.00
485.802	6170.00
486.195	6208.00
486.588	6218.00
486.980	6282.00
487.373	6254.00
487.766	6340.00
488.159	6297.00
488.552	6402.00
488.945	6395.00
489.338	6457.00
489.731	6526.00
490.124	6555.00
490.517	6583.00
490.909	6550.00
491.302	6583.00
491.695	6654.00
492.088	6699.00
492.481	6667.00
492.874	6729.00
493.267	6780.00
493.661	6831.00
494.054	6859.00
494.447	7013.00
494.840	6894.00
495.233	7004.00
495.626	6966.00
496.019	6976.00
496.412	7077.00
496.805	7142.00
497.198	7086.00
497.592	7157.00
497.985	7245.00
498.378	7262.00
498.771	7230.00
499.164	7283.00
499.558	7312.00
499.951	7328.00
500.344	7345.00
500.737	7402.00
501.131	7419.00
501.524	7472.00
501.917	7463.00
502.311	7428.00
502.704	7518.00
503.097	7503.00
503.491	7608.00
503.884	7623.00
504.277	7587.00
504.671	7685.00
505.064	7702.00
505.458	7732.00
505.851	7773.00
506.245	7789.00
506.638	7802.00
507.031	7928.00
507.425	7929.00
507.818	7985.00
508.212	8050.00
508.605	7986.00
508.999	8097.00
509.393	8038.00
509.786	8158.00
510.180	8204.00
510.573	8145.00
510.967	8141.00
511.361	8245.00
511.754	8309.00
512.148	8329.00
512.542	8367.00
512.935	8447.00
513.329	8488.00
513.723	8446.00
514.116	8508.00
514.510	8605.00
514.904	8611.00
515.298	8579.00
515.691	8610.00
516.085	8651.00
516.479	8731.00
516.873	8760.00
517.267	8731.00
517.660	8745.00
518.054	8952.00
518.448	8863.00
518.842	8951.00
519.236	9047.00
519.630	8966.00
520.024	9096.00
520.418	8989.00
520.812	9055.00
521.206	9175.00
521.600	9214.00
521.994	9120.00
522.388	9200.00
522.782	9204.00
523.176	9242.00
523.570	9324.00
523.964	9300.00
524.358	9448.00
524.752	9455.00
525.146	9404.00
525.540	9522.00
525.934	9567.00
526.329	9602.00
526.723	9677.00
527.117	9693.00
527.511	9639.00
527.905	9741.00
528.300	9776.00
528.694	9753.00
529.088	9837.00
529.482	9856.00
529.877	9948.00
530.271	10008.00
530.665	9890.00
531.060	9994.00
531.454	9978.00
531.848	10045.00
532.243	10087.00
532.637	10110.00
533.031	10100.00
533.426	10101.00
533.820	10214.00
534.215	10218.00
534.609	10292.00
535.004	10318.00
535.398	10340.00
535.793	10323.00
536.187	10406.00
536.582	10328.00
536.976	10442.00
537.371	10561.00
537.766	10596.00
538.160	10573.00
538.555	10619.00
538.949	10686.00
539.344	10573.00
539.739	10587.00
540.133	10611.00
540.528	10638.00
540.923	10866.00
541.317	10996.00
541.712	11085.00
542.107	11015.00
542.502	10979.00
542.897	11129.00
543.291	11183.00
543.686	11087.00
544.081	11062.00
544.476	11208.00
544.871	11272.00
545.266	11242.00
545.661	11361.00
546.055	11344.00
546.450	11459.00
546.845	11471.00
547.240	11477.00
547.635	11489.00
548.030	11565.00
548.425	11614.00
548.820	11577.00
549.215	11609.00
549.610	11581.00
550.005	11726.00
550.400	11691.00
550.796	11794.00
551.191	11923.00
551.586	11953.00
551.981	12001.00
552.376	11943.00
552.771	12110.00
553.166	12102.00
553.562	12272.00
553.957	12387.00
554.352	12322.00
554.747	12334.00
555.143	12481.00
555.538	12484.00
555.933	12538.00
556.329	12686.00
556.724	12589.00
557.119	12713.00
557.515	12647.00
557.910	12697.00
558.306	12809.00
558.701	12798.00
559.096	12874.00
559.492	12956.00
559.887	12948.00
560.283	12911.00
560.678	12985.00
561.074	12884.00
561.469	12997.00
561.865	13028.00
562.260	13028.00
562.656	12932.00
563.052	13129.00
563.447	13149.00
563.843	13190.00
564.239	13176.00
564.634	13199.00
565.030	13303.00
565.426	13313.00
565.821	13219.00
566.217	13350.00
566.613	13471.00
567.009	13444.00
567.405	13416.00
567.800	13554.00
568.196	13537.00
568.592	13560.00
568.988	13641.00
569.384	13786.00
569.780	13695.00
570.176	13746.00
570.572	13785.00
570.967	13879.00
571.363	13948.00
571.759	14030.00
572.155	14062.00
572.551	14203.00
572.948	14315.00
573.344	14284.00
573.740	14386.00
574.136	14327.00
574.532	14475.00
574.928	14567.00
575.324	14678.00
575.720	14489.00
576.116	14676.00
576.513	14856.00
576.909	14826.00
577.305	14868.00
577.701	14900.00
578.098	14972.00
578.494	15102.00
578.890	15008.00
579.286	15090.00
579.683	15192.00
580.079	15250.00
580.475	15093.00
580.872	15176.00
581.268	15154.00
581.665	15280.00
582.061	15181.00
582.458	15182.00
582.854	15267.00
583.251	15338.00
583.647	15443.00
584.044	15293.00
584.440	15475.00
584.837	15295.00
585.233	15416.00
585.630	15378.00
586.027	15405.00
586.423	15356.00
586.820	15518.00
587.217	15459.00
587.613	15511.00
588.010	15458.00
588.407	15540.00
588.804	15634.00
589.200	15471.00
589.597	15609.00
589.994	15657.00
590.391	15640.00
590.788	15685.00
591.184	15647.00
591.581	15742.00
591.978	15803.00
592.375	15683.00
592.772	15760.00
593.169	15885.00
593.566	15855.00
593.963	15833.00
594.360	15771.00
594.757	15986.00
595.154	15932.00
595.551	15947.00
595.948	15921.00
596.345	15890.00
596.742	16036.00
597.140	16120.00
597.537	16135.00
597.934	16095.00
598.331	16120.00
598.728	16125.00
599.125	16152.00
599.523	16198.00
599.920	16247.00
600.317	16321.00
600.715	16304.00
601.112	16322.00
601.509	16475.00
601.907	16495.00
602.304	16428.00
602.702	16426.00
603.099	16573.00
603.496	16553.00
603.894	16442.00
604.291	16495.00
604.689	16460.00
605.086	16393.00
605.484	16534.00
605.882	16543.00
606.279	16426.00
606.677	16441.00
607.074	16503.00
607.472	16753.00
607.870	16710.00
608.267	16958.00
608.665	16974.00
609.063	17029.00
609.461	17067.00
609.858	17056.00
610.256	17259.00
610.654	17352.00
611.052	17491.00
611.449	17631.00
611.847	17975.00
612.245	18292.00
612.643	18806.00
613.041	19293.00
613.439	19041.00
613.837	18027.00
614.235	15856.00
614.633	13313.00
615.031	10788.00
615.429	8699.00
615.827	7454.00
616.225	7534.00
616.623	8411.00
617.021	9792.00
617.419	11230.00
617.818	12514.00
618.216	13860.00
618.614	15262.00
619.012	16636.00
619.410	19142.00
619.809	21970.00
620.207	21335.00
620.605	16021.00
621.004	12994.00
621.402	16105.00
621.800	19432.00
622.199	20157.00
622.597	19555.00
622.996	18887.00
623.394	18670.00
623.792	18410.00
624.191	18191.00
624.589	18103.00
624.988	18060.00
625.387	17879.00
625.785	17667.00
626.184	17759.00
626.582	17612.00
626.981	17690.00
627.380	17613.00
627.778	17636.00
628.177	17582.00
628.576	17605.00
628.974	17594.00
629.373	17662.00
629.772	17632.00
630.171	17846.00
630.570	17761.00
630.968	17798.00
631.367	17830.00
631.766	17762.00
632.165	17921.00
632.564	17892.00
632.963	18140.00
633.362	18105.00
633.761	18120.00
634.160	18196.00
634.559	18220.00
634.958	18302.00
635.357	18409.00
635.756	18399.00
636.155	18551.00
636.554	18621.00
636.954	18687.00
637.353	18752.00
637.752	18728.00
638.151	18706.00
638.550	18697.00
638.950	18727.00
639.349	18628.00
639.748	18753.00
640.148	18604.00
640.547	18645.00
640.946	18763.00
641.346	18757.00
641.745	18882.00
642.145	18803.00
642.544	18809.00
642.943	18825.00
643.343	18754.00
643.742	18709.00
644.142	18741.00
644.542	18754.00
644.941	18867.00
645.341	18779.00
645.740	18625.00
646.140	18646.00
646.540	18756.00
646.940	18921.00
647.339	18810.00
647.739	18701.00
648.139	18761.00
648.539	18758.00
648.938	18798.00
649.338	18889.00
649.738	19036.00
650.138	19163.00
650.538	19108.00
650.938	18992.00
651.338	18926.00
651.738	19079.00
652.138	19008.00
652.538	18861.00
652.938	19081.00
653.338	19020.00
653.738	19156.00
654.138	19169.00
654.538	19140.00
654.938	19186.00
655.338	19140.00
655.739	19085.00
656.139	19072.00
656.539	19046.00
656.939	19164.00
657.339	19146.00
657.740	19153.00
658.140	19043.00
658.540	19312.00
658.941	19137.00
659.341	19178.00
659.742	19250.00
660.142	19139.00
660.542	19192.00
660.943	19102.00
661.343	19257.00
661.744	19235.00
662.145	19359.00
662.545	19304.00
662.946	19388.00
663.346	19407.00
663.747	19348.00
664.148	19491.00
664.548	19456.00
664.949	19362.00
665.350	19301.00
665.751	19181.00
666.151	19250.00
666.552	19278.00
666.953	19153.00
667.354	19422.00
667.755	19361.00
668.156	19560.00
668.557	19508.00
668.958	19412.00
669.358	19576.00
669.759	19578.00
670.160	19432.00
670.562	19426.00
670.963	19417.00
671.364	19383.00
671.765	19548.00
672.166	19686.00
672.567	19644.00
672.968	19591.00
673.369	19476.00
673.771	19668.00
674.172	19655.00
674.573	19603.00
674.975	19611.00
675.376	19516.00
675.777	19748.00
676.179	19558.00
676.580	19888.00
676.981	19796.00
677.383	19978.00
677.784	19946.00
678.186	19760.00
678.587	19584.00
678.989	19639.00
679.390	19709.00
679.792	19745.00
680.194	19819.00
680.595	19836.00
680.997	19942.00
681.398	19959.00
681.800	20028.00
682.202	19806.00
682.604	19791.00
683.006	19711.00
683.407	19648.00
683.809	19704.00
684.211	19680.00
684.613	19800.00
685.015	19753.00
685.417	19974.00
685.819	19856.00
686.221	19911.00
686.623	19782.00
687.025	19923.00
687.427	19894.00
687.829	19972.00
688.231	19926.00
688.633	19877.00
689.035	19881.00
689.437	19894.00
689.839	19747.00
690.242	19760.00
690.644	19906.00
691.046	19950.00
691.448	20101.00
691.851	19996.00
692.253	20136.00
692.656	20081.00
693.058	19986.00
693.460	19906.00
693.863	19765.00
694.265	19758.00
694.668	19825.00
695.070	19866.00
695.473	19978.00
695.875	19825.00
696.278	20084.00
696.681	19913.00
697.083	19862.00
697.486	19923.00
697.889	19862.00
698.291	19799.00
698.694	19726.00
699.097	19849.00
699.500	19899.00
699.902	19858.00
700.305	19866.00
700.708	20006.00
701.111	20057.00
701.514	20220.00
701.917	20239.00
702.320	20167.00
702.723	19980.00
703.126	19900.00
703.529	19833.00
703.932	19731.00
704.335	19565.00
704.738	19687.00
705.141	19969.00
705.545	19890.00
705.948	20020.00
706.351	20054.00
706.754	20134.00
707.157	19983.00
707.561	20055.00
707.964	19960.00
708.367	19928.00
708.771	19806.00
709.174	19725.00
709.578	19561.00
709.981	19636.00
710.385	19740.00
710.788	19780.00
711.192	19900.00
711.595	19988.00
711.999	19990.00
712.402	20099.00
712.806	20103.00
713.210	19887.00
713.613	19919.00
714.017	19671.00
714.421	19535.00
714.825	19582.00
715.229	19483.00
715.632	19638.00
716.036	19817.00
716.440	19836.00
716.844	19954.00
717.248	19908.00
717.652	19953.00
718.056	19850.00
718.460	19675.00
718.864	19577.00
719.268	19579.00
719.672	19450.00
720.076	19624.00
720.480	19458.00
720.884	19458.00
721.289	19522.00
721.693	19647.00
722.097	19683.00
722.501	19676.00
722.906	19755.00
723.310	19808.00
723.714	19724.00
724.119	19763.00
724.523	19759.00
724.927	19762.00
725.332	19611.00
725.736	19615.00
726.141	19325.00
726.545	19189.00
726.950	19282.00
727.355	19201.00
727.759	19337.00
728.164	19443.00
728.569	19636.00
728.973	19604.00
729.378	19761.00
729.783	19543.00
730.188	19537.00
730.592	19265.00
730.997	19275.00
731.402	19209.00
731.807	19051.00
732.212	19168.00
732.617	19151.00
733.022	19101.00
733.427	19239.00
733.832	19352.00
734.237	19488.00
734.642	19609.00
735.047	19657.00
735.452	19743.00
735.857	19816.00
736.263	19658.00
736.668	19613.00
737.073	19629.00
737.478	19706.00
737.884	19622.00
738.289	19564.00
738.694	19618.00
739.100	19499.00
739.505	19679.00
739.911	19780.00
740.316	19989.00
740.721	20062.00
741.127	20064.00
741.532	20033.00
741.938	20078.00
742.344	19815.00
742.749	19701.00
743.155	19453.00
743.561	19404.00
743.966	19050.00
744.372	19025.00
744.778	18895.00
745.184	19047.00
745.590	19014.00
745.995	18978.00
746.401	18991.00
746.807	18933.00
747.213	18997.00
747.619	19111.00
748.025	19040.00
748.431	19152.00
748.837	19092.00
749.243	19041.00
749.649	18984.00
750.056	18908.00
750.462	18562.00
750.868	18512.00
751.274	18382.00
751.680	18435.00
752.087	18431.00
752.493	18433.00
752.899	18665.00
753.306	18798.00
753.712	18897.00
754.119	18857.00
754.525	19026.00
754.932	19108.00
755.338	18959.00
755.744	18969.00
756.151	18887.00
756.558	18748.00
756.964	18752.00
757.371	18791.00
757.778	18731.00
758.184	18682.00
758.591	18800.00
758.998	18959.00
759.405	18955.00
759.811	19196.00
760.218	19299.00
760.625	19390.00
761.032	19587.00
761.439	19540.00
761.846	19649.00
762.253	19601.00
762.660	19525.00
763.067	19332.00
763.474	19188.00
763.881	19216.00
764.289	18987.00
764.696	18854.00
765.103	18909.00
765.510	18936.00
765.917	19049.00
766.325	19036.00
766.732	19101.00
767.139	19163.00
767.547	19162.00
767.954	19235.00
768.362	19050.00
768.769	18941.00
769.177	18939.00
769.584	18673.00
769.992	18568.00
770.399	18314.00
770.807	18096.00
771.215	17907.00
771.622	17919.00
772.030	17894.00
772.438	18041.00
772.845	18064.00
773.253	17954.00
773.661	18142.00
774.069	17979.00
774.477	18108.00
774.885	18100.00
775.293	17955.00
775.701	17907.00
776.109	17716.00
776.517	17450.00
776.925	17386.00
777.333	17261.00
777.741	17196.00
778.149	17094.00
778.557	17004.00
778.965	17045.00
779.374	16912.00
779.782	16929.00
780.190	17022.00
780.599	16897.00
781.007	16879.00
781.415	16984.00
781.824	17075.00
782.232	17154.00
782.641	17240.00
783.049	17104.00
783.458	17013.00
783.866	16799.00
784.275	16571.00
784.684	16312.00
785.092	16254.00
785.501	16212.00
785.910	16270.00
786.318	16252.00
786.727	16391.00
787.136	16668.00
787.545	16624.00
787.954	16624.00
788.363	16642.00
788.772	16695.00
789.181	16487.00
789.590	16404.00
789.999	16211.00
790.408	16122.00
790.817	15976.00
791.226	15983.00
791.635	15803.00
792.044	15768.00
792.454	15703.00
792.863	15813.00
793.272	15663.00
793.681	15592.00
794.091	15563.00
794.500	15392.00
794.910	15574.00
795.319	15690.00
795.728	15801.00
796.138	15935.00
796.547	15973.00
796.957	15965.00
797.367	15910.00
797.776	15931.00
798.186	15697.00
798.596	15502.00
799.005	15177.00
799.415	15160.00
799.825	15029.00
800.235	14881.00
800.644	14909.00
801.054	14939.00
801.464	15002.00
801.874	15037.00
802.284	15191.00
802.694	15202.00
803.104	15296.00
803.514	15283.00
803.924	15368.00
804.334	15405.00
804.745	15557.00
805.155	15459.00
805.565	15436.00
805.975	15328.00
806.386	15120.00
806.796	14825.00
807.206	14702.00
807.617	14642.00
808.027	14531.00
808.438	14484.00
808.848	14630.00
809.258	14678.00
809.669	14777.00
810.080	14906.00
810.490	15088.00
810.901	15094.00
811.312	15034.00
811.722	15007.00
812.133	15076.00
812.544	15000.00
812.954	14974.00
813.365	14915.00
813.776	14848.00
814.187	14752.00
814.598	14689.00
815.009	14460.00
815.420	14425.00
815.831	14272.00
816.242	14272.00
816.653	14145.00
817.064	13952.00
817.475	14127.00
817.887	14155.00
818.298	14193.00
818.709	14290.00
819.120	14481.00
819.532	14451.00
819.943	14572.00
820.354	14577.00
820.766	14441.00
821.177	14552.00
821.589	14452.00
822.000	14374.00
822.412	14171.00
822.823	14105.00
823.235	14121.00
823.647	13912.00
824.058	13811.00
824.470	13810.00
824.882	13742.00
825.293	13680.00
825.705	13738.00
826.117	13707.00
826.529	13783.00
826.941	13742.00
827.353	13723.00
827.765	13881.00
828.177	13934.00
828.589	14006.00
829.001	14156.00
829.413	14414.00
829.825	14325.00
830.237	14273.00
830.649	14020.00
831.062	13980.00
831.474	13798.00
831.886	13713.00
832.299	13563.00
832.711	13485.00
833.123	13457.00
833.536	13659.00
833.948	13715.00
834.361	13675.00
834.773	13605.00
835.186	13711.00
835.599	13807.00
836.011	13772.00
836.424	13950.00
836.837	13959.00
837.249	13922.00
837.662	13968.00
838.075	13989.00
838.488	14138.00
838.901	14104.00
839.313	14068.00
839.726	13910.00
840.139	13716.00
840.552	13532.00
840.965	13476.00
841.378	13317.00
841.792	13160.00
842.205	13236.00
842.618	13263.00
843.031	13302.00
843.444	13479.00
843.858	13546.00
844.271	13706.00
844.684	13653.00
845.098	13769.00
845.511	13774.00
845.924	13909.00
846.338	13780.00
846.752	13756.00
847.165	13743.00
847.579	13692.00
847.992	13558.00
848.406	13516.00
848.820	13392.00
849.233	13392.00
849.647	13258.00
850.061	13198.00
850.475	13123.00
850.888	13009.00
851.302	12992.00
851.716	12985.00
852.130	13079.00
852.544	13191.00
852.958	13309.00
853.372	13561.00
853.786	13474.00
854.201	13606.00
854.615	13624.00
855.029	13719.00
855.443	13495.00
855.858	13348.00
856.272	13327.00
856.686	13239.00
857.100	13292.00
857.515	13207.00
857.929	13046.00
858.344	12947.00
858.758	13015.00
859.173	12987.00
859.588	12866.00
860.002	12782.00
860.417	12755.00
860.831	12879.00
861.246	12841.00
861.661	12856.00
862.076	13039.00
862.491	13206.00
862.906	13163.00
863.320	13305.00
863.735	13388.00
864.150	13406.00
864.565	13537.00
864.980	13436.00
865.395	13299.00
865.811	13169.00
866.226	13122.00
866.641	12889.00
867.056	12820.00
867.471	12789.00
867.887	12823.00
868.302	12631.00
868.717	12715.00
869.133	12751.00
869.548	12733.00
869.964	12792.00
870.379	12910.00
870.795	12879.00
871.210	12983.00
871.626	13087.00
872.042	13301.00
872.457	13353.00
872.873	13358.00
873.289	13331.00
873.704	13258.00
874.120	13298.00
874.536	13191.00
874.952	13169.00
875.368	13075.00
875.784	12933.00
876.200	12835.00
876.616	12815.00
877.032	12750.00
877.448	12671.00
877.864	12503.00
878.280	12458.00
878.697	12464.00
879.113	12333.00
879.529	12387.00
879.945	12398.00
880.362	12477.00
880.778	12465.00
881.195	12565.00
881.611	12624.00
882.028	12884.00
882.444	12899.00
882.861	13029.00
883.277	13062.00
883.694	13105.00
884.111	13139.00
884.528	13240.00
884.944	13432.00
885.361	13345.00
885.778	13472.00
886.195	13445.00
886.612	13411.00
887.029	13494.00
887.446	13307.00
887.863	13465.00
888.280	13515.00
888.697	13396.00
889.114	13478.00
889.531	13507.00
889.948	13656.00
890.366	13490.00
890.783	13522.00
891.200	13585.00
891.618	13665.00
892.035	13530.00
892.452	13354.00
892.870	13489.00
893.287	13342.00
893.705	13431.00
894.122	13275.00
894.540	13208.00
894.958	13260.00
895.375	13368.00
895.793	13277.00
896.211	13269.00
896.629	13343.00
897.046	13326.00
897.464	13158.00
897.882	13277.00
898.300	13231.00
898.718	13001.00
899.136	12970.00
899.554	12878.00
899.972	12878.00
900.390	12631.00
900.809	12582.00
901.227	12486.00
901.645	12491.00
902.063	12409.00
902.482	12313.00
902.900	12410.00
903.318	12293.00
903.737	12246.00
904.155	12118.00
904.574	12124.00
904.992	12176.00
905.411	11956.00
905.829	12034.00
906.248	12051.00
906.667	12145.00
907.086	12231.00
907.504	12204.00
907.923	12307.00
908.342	12258.00
908.761	12198.00
909.180	12232.00
909.599	12182.00
910.018	12152.00
910.437	12248.00
910.856	12265.00
911.275	12177.00
911.694	12160.00
912.113	11951.00
912.532	11973.00
912.952	11956.00
913.371	12066.00
913.790	12060.00
914.210	11861.00
914.629	11832.00
915.049	11804.00
915.468	11686.00
915.888	11517.00
916.307	11518.00
916.727	11495.00
917.146	11574.00
917.566	11499.00
917.986	11417.00
918.406	11571.00
918.825	11618.00
919.245	11709.00
919.665	11715.00
920.085	11731.00
920.505	11786.00
920.925	11794.00
921.345	11798.00
921.765	11711.00
922.185	11724.00
922.605	11735.00
923.026	11588.00
923.446	11704.00
923.866	11644.00
924.286	11615.00
924.707	11481.00
925.127	11477.00
925.547	11534.00
925.968	11434.00
926.388	11320.00
926.809	11182.00
927.229	11099.00
927.650	11097.00
928.071	11027.00
928.491	10955.00
928.912	10787.00
929.333	10941.00
929.754	10977.00
930.175	11025.00
930.595	11027.00
931.016	10982.00
931.437	10883.00
931.858	10996.00
932.279	10901.00
932.700	10889.00
933.122	10931.00
933.543	11016.00
933.964	10871.00
934.385	10849.00
934.806	10865.00
935.228	10895.00
935.649	10854.00
936.070	10833.00
936.492	10844.00
936.913	10807.00
937.335	10663.00
937.756	10557.00
938.178	10565.00
938.600	10487.00
939.021	10411.00
939.443	10318.00
939.865	10326.00
940.286	10246.00
940.708	10317.00
941.130	10342.00
941.552	10241.00
941.974	10300.00
942.396	10324.00
942.818	10328.00
943.240	10293.00
943.662	10231.00
944.084	10382.00
944.507	10206.00
944.929	10267.00
945.351	10249.00
945.773	10226.00
946.196	10330.00
946.618	10307.00
947.041	10171.00
947.463	10206.00
947.886	10174.00
948.308	10233.00
948.731	10109.00
949.153	10125.00
949.576	9920.00
949.999	9770.00
950.421	9680.00
950.844	9777.00
951.267	9749.00
951.690	9765.00
952.113	9834.00
952.536	9833.00
952.959	9820.00
953.382	9839.00
953.805	9775.00
954.228	9831.00
954.651	9735.00
955.074	9746.00
955.498	9768.00
955.921	9714.00
956.344	9677.00
956.768	9657.00
957.191	9684.00
957.614	9719.00
958.038	9656.00
958.461	9628.00
958.885	9540.00
959.309	9494.00
959.732	9340.00
960.156	9384.00
960.580	9271.00
961.003	9272.00
961.427	9202.00
961.851	9247.00
962.275	9373.00
962.699	9313.00
963.123	9418.00
963.547	9381.00
963.971	9240.00
964.395	9227.00
964.819	9178.00
965.243	9193.00
965.668	9033.00
966.092	9027.00
966.516	8923.00
966.940	8941.00
967.365	8909.00
967.789	8894.00
968.214	9013.00
968.638	9057.00
969.063	9144.00
969.487	9100.00
969.912	9005.00
970.337	8919.00
970.761	8818.00
971.186	8737.00
971.611	8653.00
972.036	8676.00
972.461	8691.00
972.885	8705.00
973.310	8831.00
973.735	8652.00
974.161	8620.00
974.586	8553.00
975.011	8566.00
975.436	8513.00
975.861	8497.00
976.286	8436.00
976.712	8240.00
977.137	8211.00
977.562	8113.00
977.988	8021.00
