159.571	-7.00
159.963	3.00
160.354	9.00
160.746	12.00
161.137	7.00
161.528	-1.00
161.920	3.00
162.311	7.00
162.703	-2.00
163.094	-2.00
163.485	2.00
163.877	2.00
164.268	16.00
164.660	-2.00
165.051	18.00
165.442	-2.00
165.834	9.00
166.225	6.00
166.616	0.00
167.007	9.00
167.399	-12.00
167.790	8.00
168.181	-1.00
168.573	5.00
168.964	6.00
169.355	5.00
169.746	3.00
170.138	8.00
170.529	-2.00
170.920	-8.00
171.311	-13.00
171.702	-10.00
172.094	0.00
172.485	0.00
172.876	-1.00
173.267	-4.00
173.658	-8.00
174.050	2.00
174.441	0.00
174.832	1.00
175.223	-9.00
175.614	6.00
176.005	-3.00
176.396	-3.00
176.787	13.00
177.179	-4.00
177.570	10.00
177.961	2.00
178.352	3.00
178.743	1.00
179.134	0.00
179.525	12.00
179.916	-3.00
180.307	14.00
180.698	9.00
181.089	0.00
181.480	-6.00
181.871	1.00
182.262	-2.00
182.653	-9.00
183.044	-9.00
183.435	5.00
183.826	6.00
184.217	12.00
184.608	11.00
184.999	3.00
185.390	1.00
185.781	3.00
186.172	-2.00
186.563	3.00
186.954	-9.00
187.345	0.00
187.736	2.00
188.126	3.00
188.517	2.00
188.908	-4.00
189.299	10.00
189.690	5.00
190.081	2.00
190.472	-3.00
190.862	3.00
191.253	-6.00
191.644	-4.00
192.035	6.00
192.426	7.00
192.817	-3.00
193.207	4.00
193.598	3.00
193.989	0.00
194.380	-3.00
194.771	3.00
195.161	1.00
195.552	11.00
195.943	2.00
196.334	5.00
196.724	0.00
197.115	3.00
197.506	-4.00
197.897	-8.00
198.287	6.00
198.678	4.00
199.069	13.00
199.459	5.00
199.850	-6.00
200.241	-1.00
200.632	1.00
201.022	8.00
201.413	-3.00
201.804	2.00
202.194	-3.00
202.585	0.00
202.976	-1.00
203.366	8.00
203.757	6.00
204.147	5.00
204.538	8.00
204.929	5.00
205.319	-2.00
205.710	-3.00
206.101	1.00
206.491	-14.00
206.882	8.00
207.272	1.00
207.663	10.00
208.053	4.00
208.444	-6.00
208.835	1.00
209.225	10.00
209.616	5.00
210.006	-11.00
210.397	1.00
210.787	9.00
211.178	-7.00
211.568	-3.00
211.959	2.00
212.349	1.00
212.740	1.00
213.130	0.00
213.521	7.00
213.911	-2.00
214.302	8.00
214.692	-3.00
215.083	1.00
215.473	8.00
215.864	5.00
216.254	3.00
216.645	2.00
217.035	2.00
217.426	-5.00
217.816	8.00
218.206	1.00
218.597	4.00
218.987	3.00
219.378	11.00
219.768	5.00
220.159	0.00
220.549	4.00
220.939	-15.00
221.330	6.00
221.720	-18.00
222.111	5.00
222.501	-3.00
222.891	6.00
223.282	9.00
223.672	-13.00
224.062	1.00
224.453	7.00
224.843	-2.00
225.233	-8.00
225.624	-3.00
226.014	-5.00
226.404	1.00
226.795	-2.00
227.185	6.00
227.575	-1.00
227.966	-1.00
228.356	-7.00
228.746	-1.00
229.137	0.00
229.527	-8.00
229.917	16.00
230.308	0.00
230.698	11.00
231.088	11.00
231.478	1.00
231.869	9.00
232.259	-1.00
232.649	0.00
233.040	9.00
233.430	-5.00
233.820	8.00
234.210	-1.00
234.601	9.00
234.991	4.00
235.381	-7.00
235.771	10.00
236.161	-6.00
236.552	1.00
236.942	-7.00
237.332	-2.00
237.722	1.00
238.113	5.00
238.503	10.00
238.893	2.00
239.283	-4.00
239.673	4.00
240.064	3.00
240.454	-7.00
240.844	5.00
241.234	-5.00
241.624	2.00
242.014	-6.00
242.405	14.00
242.795	5.00
243.185	1.00
243.575	3.00
243.965	-2.00
244.355	9.00
244.746	0.00
245.136	5.00
245.526	-2.00
245.916	-2.00
246.306	11.00
246.696	-8.00
247.086	8.00
247.477	4.00
247.867	10.00
248.257	9.00
248.647	-2.00
249.037	5.00
249.427	-5.00
249.817	9.00
250.207	8.00
250.598	-3.00
250.988	5.00
251.378	0.00
251.768	-1.00
252.158	-2.00
252.548	1.00
252.938	5.00
253.328	6.00
253.718	3.00
254.108	2.00
254.498	-4.00
254.888	3.00
255.279	-2.00
255.669	-9.00
256.059	1.00
256.449	-19.00
256.839	12.00
257.229	-1.00
257.619	4.00
258.009	1.00
258.399	11.00
258.789	11.00
259.179	1.00
259.569	3.00
259.959	-6.00
260.349	-3.00
260.739	-3.00
261.129	1.00
261.519	4.00
261.909	3.00
262.299	6.00
262.689	7.00
263.079	4.00
263.469	-2.00
263.859	-6.00
264.249	2.00
264.639	6.00
265.029	-7.00
265.419	1.00
265.810	1.00
266.199	4.00
266.589	7.00
266.979	2.00
267.369	4.00
267.759	2.00
268.149	2.00
268.539	9.00
268.929	0.00
269.319	9.00
269.709	4.00
270.099	-6.00
270.489	4.00
270.879	0.00
271.269	3.00
271.659	-10.00
272.049	12.00
272.439	6.00
272.829	10.00
273.219	1.00
273.609	8.00
273.999	1.00
274.389	-10.00
274.779	3.00
275.169	-3.00
275.559	7.00
275.949	-5.00
276.339	5.00
276.729	5.00
277.119	10.00
277.509	1.00
277.899	4.00
278.289	-5.00
278.679	1.00
279.069	5.00
279.459	-3.00
279.849	5.00
280.238	-4.00
280.628	2.00
281.018	-3.00
281.408	-1.00
281.798	6.00
282.188	2.00
282.578	3.00
282.968	-5.00
283.358	-2.00
283.748	-6.00
284.138	7.00
284.528	6.00
284.918	3.00
285.308	12.00
285.698	-5.00
286.088	12.00
286.478	-8.00
286.867	-1.00
287.257	-2.00
287.647	3.00
288.037	9.00
288.427	-5.00
288.817	14.00
289.207	2.00
289.597	3.00
289.987	0.00
290.377	-6.00
290.767	3.00
291.157	-15.00
291.547	-9.00
291.937	9.00
292.327	5.00
292.716	-4.00
293.106	8.00
293.496	1.00
293.886	12.00
294.276	-4.00
294.666	6.00
295.056	-4.00
295.446	-6.00
295.836	4.00
296.226	-3.00
296.616	8.00
297.006	-2.00
297.396	7.00
297.785	7.00
298.175	-1.00
298.565	7.00
298.955	-2.00
299.345	-4.00
299.735	-4.00
300.125	-4.00
300.515	3.00
300.905	-1.00
301.295	2.00
301.685	-7.00
302.075	8.00
302.465	8.00
302.854	0.00
303.244	3.00
303.634	3.00
304.024	-4.00
304.414	7.00
304.804	-8.00
305.194	-3.00
305.584	-1.00
305.974	-3.00
306.364	-1.00
306.754	-4.00
307.144	5.00
307.534	0.00
307.924	-6.00
308.314	9.00
308.703	11.00
309.093	4.00
309.483	-1.00
309.873	7.00
310.263	-3.00
310.653	-4.00
311.043	8.00
311.433	-2.00
311.823	9.00
312.213	6.00
312.603	-2.00
312.993	5.00
313.383	-2.00
313.773	10.00
314.163	-9.00
314.553	-1.00
314.943	0.00
315.332	-1.00
315.722	9.00
316.112	3.00
316.502	-3.00
316.892	5.00
317.282	0.00
317.672	5.00
318.062	1.00
318.452	5.00
318.842	5.00
319.232	1.00
319.622	9.00
320.012	-13.00
320.402	2.00
320.792	13.00
321.182	3.00
321.572	-1.00
321.962	0.00
322.352	5.00
322.742	1.00
323.132	5.00
323.522	16.00
323.912	-5.00
324.302	8.00
324.692	-8.00
325.082	-4.00
325.472	6.00
325.862	-17.00
326.252	-2.00
326.642	5.00
327.032	3.00
327.422	4.00
327.812	6.00
328.202	3.00
328.592	0.00
328.982	6.00
329.372	-7.00
329.762	6.00
330.152	-8.00
330.542	-1.00
330.932	0.00
331.322	4.00
331.712	5.00
332.102	1.00
332.492	-2.00
332.882	-1.00
333.272	-1.00
333.662	-4.00
334.052	-7.00
334.442	2.00
334.832	3.00
335.222	6.00
335.612	-5.00
336.002	9.00
336.392	-11.00
336.782	3.00
337.172	14.00
337.562	6.00
337.952	6.00
338.342	1.00
338.733	-1.00
339.123	2.00
339.513	-2.00
339.903	5.00
340.293	8.00
340.683	-6.00
341.073	-2.00
341.463	4.00
341.853	4.00
342.243	3.00
342.633	3.00
343.023	7.00
343.413	-2.00
343.804	4.00
344.194	2.00
344.584	-5.00
344.974	-4.00
345.364	-3.00
345.754	2.00
346.144	9.00
346.534	12.00
346.924	6.00
347.315	5.00
347.705	6.00
348.095	6.00
348.485	3.00
348.875	1.00
349.265	6.00
349.655	-9.00
350.046	-2.00
350.436	1.00
350.826	5.00
351.216	3.00
351.606	0.00
351.996	10.00
352.387	1.00
352.777	14.00
353.167	-1.00
353.557	-3.00
353.947	-7.00
354.337	1.00
354.728	8.00
355.118	-2.00
355.508	14.00
355.898	3.00
356.288	-6.00
356.679	3.00
357.069	-6.00
357.459	3.00
357.849	1.00
358.240	10.00
358.630	14.00
359.020	1.00
359.410	11.00
359.801	0.00
360.191	3.00
360.581	-4.00
360.971	3.00
361.362	7.00
361.752	9.00
362.142	-1.00
362.532	13.00
362.923	-3.00
363.313	8.00
363.703	0.00
364.093	-4.00
364.484	4.00
364.874	0.00
365.264	2.00
365.655	1.00
366.045	13.00
366.435	4.00
366.826	4.00
367.216	4.00
367.606	0.00
367.996	5.00
368.387	-10.00
368.777	6.00
369.168	7.00
369.558	-2.00
369.948	13.00
370.339	10.00
370.729	3.00
371.119	9.00
371.510	-3.00
371.900	7.00
372.290	0.00
372.681	-7.00
373.071	5.00
373.462	1.00
373.852	6.00
374.242	-11.00
374.633	5.00
375.023	4.00
375.414	1.00
375.804	3.00
376.195	2.00
376.585	0.00
376.975	5.00
377.366	0.00
377.756	19.00
378.147	-4.00
378.537	5.00
378.928	0.00
379.318	-3.00
379.709	1.00
380.099	-6.00
380.490	0.00
380.880	-3.00
381.271	12.00
381.661	5.00
382.052	1.00
382.442	0.00
382.833	-1.00
383.223	11.00
383.614	-11.00
384.004	-9.00
384.395	-5.00
384.785	3.00
385.176	8.00
385.566	6.00
385.957	4.00
386.347	9.00
386.738	-4.00
387.129	6.00
387.519	6.00
387.910	-5.00
388.300	10.00
388.691	-5.00
389.082	8.00
389.472	0.00
389.863	-2.00
390.253	8.00
390.644	-9.00
391.035	5.00
391.425	4.00
391.816	4.00
392.207	9.00
392.597	-2.00
392.988	1.00
393.379	8.00
393.769	9.00
394.160	2.00
394.551	-5.00
394.941	1.00
395.332	-5.00
395.723	0.00
396.114	0.00
396.504	-3.00
396.895	9.00
397.286	7.00
397.676	7.00
398.067	11.00
398.458	1.00
398.849	-3.00
399.240	-7.00
399.630	3.00
400.021	1.00
400.412	1.00
400.803	13.00
401.193	1.00
401.584	8.00
401.975	3.00
402.366	5.00
402.757	6.00
403.148	-3.00
403.538	3.00
403.929	-9.00
404.320	7.00
404.711	4.00
405.102	7.00
405.493	10.00
405.884	0.00
406.274	4.00
406.665	8.00
407.056	-7.00
407.447	6.00
407.838	-4.00
408.229	1.00
408.620	12.00
409.011	1.00
409.402	5.00
409.793	10.00
410.184	-4.00
410.575	1.00
410.966	2.00
411.357	2.00
411.748	-1.00
412.139	4.00
412.530	13.00
412.921	14.00
413.312	10.00
413.703	-1.00
414.094	1.00
414.485	-2.00
414.876	6.00
415.267	6.00
415.658	22.00
416.049	17.00
416.440	10.00
416.831	19.00
417.222	18.00
417.613	17.00
418.004	14.00
418.395	18.00
418.787	16.00
419.178	9.00
419.569	31.00
419.960	21.00
420.351	35.00
420.742	23.00
421.133	27.00
421.525	43.00
421.916	40.00
422.307	49.00
422.698	42.00
423.089	50.00
423.481	49.00
423.872	50.00
424.263	55.00
424.654	51.00
425.046	64.00
425.437	69.00
425.828	75.00
426.219	82.00
426.611	67.00
427.002	84.00
427.393	82.00
427.785	82.00
428.176	106.00
428.567	92.00
428.958	112.00
429.350	121.00
429.741	95.00
430.133	112.00
430.524	129.00
430.915	130.00
431.307	147.00
431.698	154.00
432.089	183.00
432.481	155.00
432.872	191.00
433.264	184.00
433.655	197.00
434.047	212.00
434.438	208.00
434.829	252.00
435.221	237.00
435.612	246.00
436.004	264.00
436.395	268.00
436.787	295.00
437.178	290.00
437.570	306.00
437.961	317.00
438.353	321.00
438.744	351.00
439.136	364.00
439.528	367.00
439.919	401.00
440.311	402.00
440.702	438.00
441.094	438.00
441.486	483.00
441.877	462.00
442.269	496.00
442.660	528.00
443.052	532.00
443.444	551.00
443.835	570.00
444.227	567.00
444.619	597.00
445.010	632.00
445.402	623.00
445.794	654.00
446.186	672.00
446.577	720.00
446.969	705.00
447.361	722.00
447.753	756.00
448.144	755.00
448.536	761.00
448.928	763.00
449.320	806.00
449.711	774.00
450.103	797.00
450.495	811.00
450.887	776.00
451.279	790.00
451.671	786.00
452.062	767.00
452.454	780.00
452.846	752.00
453.238	781.00
453.630	749.00
454.022	751.00
454.414	720.00
454.806	715.00
455.198	724.00
455.590	681.00
455.982	675.00
456.374	657.00
456.766	632.00
457.158	627.00
457.550	604.00
457.942	596.00
458.334	598.00
458.726	584.00
459.118	577.00
459.510	548.00
459.902	541.00
460.294	523.00
460.686	538.00
461.078	501.00
461.470	505.00
461.862	490.00
462.254	473.00
462.647	453.00
463.039	464.00
463.431	451.00
463.823	447.00
464.215	453.00
464.607	427.00
465.000	443.00
465.392	419.00
465.784	420.00
466.176	404.00
466.569	402.00
466.961	416.00
467.353	393.00
467.745	378.00
468.138	374.00
468.530	349.00
468.922	349.00
469.315	347.00
469.707	358.00
470.099	352.00
470.492	361.00
470.884	342.00
471.276	341.00
471.669	340.00
472.061	336.00
472.453	323.00
472.846	305.00
473.238	292.00
473.631	299.00
474.023	287.00
474.416	302.00
474.808	306.00
475.201	286.00
475.593	293.00
475.986	290.00
476.378	289.00
476.771	296.00
477.163	282.00
477.556	296.00
477.948	276.00
478.341	293.00
478.733	279.00
479.126	279.00
479.519	302.00
479.911	288.00
480.304	290.00
480.697	278.00
481.089	288.00
481.482	289.00
481.875	285.00
482.267	289.00
482.660	291.00
483.053	293.00
483.445	280.00
483.838	292.00
484.231	306.00
484.624	284.00
485.016	302.00
485.409	302.00
485.802	316.00
486.195	327.00
486.588	324.00
486.980	311.00
487.373	311.00
487.766	306.00
488.159	336.00
488.552	342.00
488.945	309.00
489.338	342.00
489.731	330.00
490.124	342.00
490.517	337.00
490.909	336.00
491.302	369.00
491.695	342.00
492.088	366.00
492.481	361.00
492.874	364.00
493.267	372.00
493.661	375.00
494.054	384.00
494.447	368.00
494.840	399.00
495.233	396.00
495.626	398.00
496.019	399.00
496.412	415.00
496.805	415.00
497.198	421.00
497.592	435.00
497.985	426.00
498.378	451.00
498.771	431.00
499.164	475.00
499.558	439.00
499.951	448.00
500.344	456.00
500.737	449.00
501.131	471.00
501.524	450.00
501.917	452.00
502.311	455.00
502.704	469.00
503.097	489.00
503.491	472.00
503.884	492.00
504.277	478.00
504.671	480.00
505.064	483.00
505.458	480.00
505.851	504.00
506.245	510.00
506.638	502.00
507.031	508.00
507.425	522.00
507.818	498.00
508.212	527.00
508.605	524.00
508.999	520.00
509.393	522.00
509.786	522.00
510.180	537.00
510.573	525.00
510.967	539.00
511.361	529.00
511.754	541.00
512.148	540.00
512.542	525.00
512.935	527.00
513.329	566.00
513.723	533.00
514.116	559.00
514.510	553.00
514.904	552.00
515.298	553.00
515.691	565.00
516.085	543.00
516.479	549.00
516.873	548.00
517.267	545.00
517.660	557.00
518.054	545.00
518.448	556.00
518.842	561.00
519.236	546.00
519.630	546.00
520.024	556.00
520.418	567.00
520.812	560.00
521.206	583.00
521.600	571.00
521.994	572.00
522.388	565.00
522.782	567.00
523.176	561.00
523.570	570.00
523.964	567.00
524.358	574.00
524.752	556.00
525.146	597.00
525.540	573.00
525.934	593.00
526.329	570.00
526.723	566.00
527.117	573.00
527.511	562.00
527.905	578.00
528.300	568.00
528.694	569.00
529.088	593.00
529.482	581.00
529.877	591.00
530.271	601.00
530.665	593.00
531.060	605.00
531.454	581.00
531.848	581.00
532.243	557.00
532.637	573.00
533.031	579.00
533.426	573.00
533.820	587.00
534.215	602.00
534.609	588.00
535.004	573.00
535.398	597.00
535.793	586.00
536.187	589.00
536.582	589.00
536.976	557.00
537.371	604.00
537.766	597.00
538.160	589.00
538.555	574.00
538.949	571.00
539.344	561.00
539.739	608.00
540.133	587.00
540.528	593.00
540.923	578.00
541.317	596.00
541.712	594.00
542.107	608.00
542.502	606.00
542.897	589.00
543.291	591.00
543.686	589.00
544.081	597.00
544.476	599.00
544.871	592.00
545.266	577.00
545.661	593.00
546.055	556.00
546.450	585.00
546.845	594.00
547.240	575.00
547.635	579.00
548.030	581.00
548.425	582.00
548.820	580.00
549.215	615.00
549.610	580.00
550.005	581.00
550.400	596.00
550.796	559.00
551.191	590.00
551.586	607.00
551.981	615.00
552.376	597.00
552.771	581.00
553.166	587.00
553.562	595.00
553.957	599.00
554.352	578.00
554.747	590.00
555.143	589.00
555.538	604.00
555.933	580.00
556.329	584.00
556.724	594.00
557.119	595.00
557.515	600.00
557.910	586.00
558.306	591.00
558.701	577.00
559.096	588.00
559.492	573.00
559.887	605.00
560.283	608.00
560.678	605.00
561.074	592.00
561.469	590.00
561.865	589.00
562.260	596.00
562.656	577.00
563.052	585.00
563.447	609.00
563.843	573.00
564.239	595.00
564.634	610.00
565.030	577.00
565.426	591.00
565.821	583.00
566.217	589.00
566.613	582.00
567.009	571.00
567.405	572.00
567.800	603.00
568.196	588.00
568.592	580.00
568.988	600.00
569.384	584.00
569.780	599.00
570.176	569.00
570.572	571.00
570.967	600.00
571.363	603.00
571.759	592.00
572.155	586.00
572.551	586.00
572.948	593.00
573.344	581.00
573.740	589.00
574.136	599.00
574.532	548.00
574.928	582.00
575.324	597.00
575.720	573.00
576.116	598.00
576.513	594.00
576.909	583.00
577.305	585.00
577.701	580.00
578.098	590.00
578.494	579.00
578.890	573.00
579.286	586.00
579.683	579.00
580.079	585.00
580.475	590.00
580.872	587.00
581.268	598.00
581.665	585.00
582.061	589.00
582.458	558.00
582.854	568.00
583.251	586.00
583.647	589.00
584.044	579.00
584.440	587.00
584.837	572.00
585.233	592.00
585.630	595.00
586.027	592.00
586.423	560.00
586.820	584.00
587.217	555.00
587.613	556.00
588.010	551.00
588.407	568.00
588.804	561.00
589.200	560.00
589.597	552.00
589.994	521.00
590.391	536.00
590.788	558.00
591.184	545.00
591.581	546.00
591.978	543.00
592.375	553.00
592.772	551.00
593.169	547.00
593.566	534.00
593.963	518.00
594.360	513.00
594.757	527.00
595.154	486.00
595.551	531.00
595.948	521.00
596.345	527.00
596.742	523.00
597.140	516.00
597.537	513.00
597.934	506.00
598.331	506.00
598.728	510.00
599.125	486.00
599.523	518.00
599.920	520.00
600.317	519.00
600.715	501.00
601.112	493.00
601.509	495.00
601.907	503.00
602.304	516.00
602.702	465.00
603.099	486.00
603.496	494.00
603.894	474.00
604.291	457.00
604.689	457.00
605.086	461.00
605.484	451.00
605.882	469.00
606.279	464.00
606.677	466.00
607.074	464.00
607.472	460.00
607.870	483.00
608.267	476.00
608.665	487.00
609.063	440.00
609.461	474.00
609.858	440.00
610.256	460.00
610.654	451.00
611.052	445.00
611.449	440.00
611.847	459.00
612.245	434.00
612.643	442.00
613.041	449.00
613.439	452.00
613.837	421.00
614.235	408.00
614.633	412.00
615.031	417.00
615.429	404.00
615.827	392.00
616.225	408.00
616.623	402.00
617.021	392.00
617.419	382.00
617.818	386.00
618.216	380.00
618.614	391.00
619.012	387.00
619.410	372.00
619.809	392.00
620.207	369.00
620.605	387.00
621.004	372.00
621.402	358.00
621.800	366.00
622.199	359.00
622.597	370.00
622.996	322.00
623.394	352.00
623.792	354.00
624.191	359.00
624.589	353.00
624.988	347.00
625.387	321.00
625.785	346.00
626.184	335.00
626.582	350.00
626.981	339.00
627.380	348.00
627.778	341.00
628.177	349.00
628.576	327.00
628.974	313.00
629.373	329.00
629.772	330.00
630.171	316.00
630.570	306.00
630.968	305.00
631.367	325.00
631.766	306.00
632.165	319.00
632.564	328.00
632.963	304.00
633.362	340.00
633.761	316.00
634.160	321.00
634.559	308.00
634.958	336.00
635.357	336.00
635.756	329.00
636.155	338.00
636.554	326.00
636.954	336.00
637.353	324.00
637.752	326.00
638.151	310.00
638.550	304.00
638.950	307.00
639.349	286.00
639.748	283.00
640.148	305.00
640.547	280.00
640.946	285.00
641.346	294.00
641.745	282.00
642.145	280.00
642.544	273.00
642.943	269.00
643.343	299.00
643.742	286.00
644.142	267.00
644.542	249.00
644.941	251.00
645.341	254.00
645.740	243.00
646.140	257.00
646.540	258.00
646.940	261.00
647.339	244.00
647.739	244.00
648.139	241.00
648.539	231.00
648.938	231.00
649.338	228.00
649.738	214.00
650.138	234.00
650.538	223.00
650.938	222.00
651.338	231.00
651.738	225.00
652.138	227.00
652.538	215.00
652.938	232.00
653.338	202.00
653.738	199.00
654.138	218.00
654.538	219.00
654.938	196.00
655.338	207.00
655.739	210.00
656.139	200.00
656.539	193.00
656.939	199.00
657.339	179.00
657.740	191.00
658.140	179.00
658.540	196.00
658.941	180.00
659.341	169.00
659.742	186.00
660.142	190.00
660.542	183.00
660.943	177.00
661.343	180.00
661.744	182.00
662.145	165.00
662.545	169.00
662.946	173.00
663.346	161.00
663.747	154.00
664.148	162.00
664.548	156.00
664.949	146.00
665.350	143.00
665.751	160.00
666.151	139.00
666.552	158.00
666.953	147.00
667.354	144.00
667.755	153.00
668.156	153.00
668.557	153.00
668.958	144.00
669.358	133.00
669.759	140.00
670.160	146.00
670.562	143.00
670.963	143.00
671.364	133.00
671.765	132.00
672.166	147.00
672.567	139.00
672.968	128.00
673.369	128.00
673.771	121.00
674.172	114.00
674.573	140.00
674.975	127.00
675.376	130.00
675.777	136.00
676.179	130.00
676.580	126.00
676.981	103.00
677.383	120.00
677.784	117.00
678.186	104.00
678.587	120.00
678.989	109.00
679.390	110.00
679.792	111.00
680.194	100.00
680.595	113.00
680.997	88.00
681.398	103.00
681.800	105.00
682.202	103.00
682.604	111.00
683.006	95.00
683.407	102.00
683.809	94.00
684.211	112.00
684.613	80.00
685.015	90.00
685.417	90.00
685.819	102.00
686.221	94.00
686.623	105.00
687.025	97.00
687.427	71.00
687.829	88.00
688.231	80.00
688.633	90.00
689.035	79.00
689.437	91.00
689.839	90.00
690.242	79.00
690.644	91.00
691.046	80.00
691.448	92.00
691.851	91.00
692.253	81.00
692.656	78.00
693.058	84.00
693.460	77.00
693.863	79.00
694.265	76.00
694.668	75.00
695.070	80.00
695.473	70.00
695.875	74.00
696.278	75.00
696.681	56.00
697.083	68.00
697.486	62.00
697.889	68.00
698.291	57.00
698.694	70.00
699.097	64.00
699.500	62.00
699.902	68.00
700.305	65.00
700.708	63.00
701.111	44.00
701.514	63.00
701.917	61.00
702.320	53.00
702.723	56.00
703.126	58.00
703.529	54.00
703.932	58.00
704.335	48.00
704.738	47.00
705.141	42.00
705.545	40.00
705.948	50.00
706.351	54.00
706.754	52.00
707.157	48.00
707.561	47.00
707.964	59.00
708.367	48.00
708.771	43.00
709.174	40.00
709.578	52.00
709.981	45.00
710.385	36.00
710.788	50.00
711.192	46.00
711.595	50.00
711.999	50.00
712.402	45.00
712.806	45.00
713.210	37.00
713.613	44.00
714.017	40.00
714.421	35.00
714.825	44.00
715.229	37.00
715.632	50.00
716.036	26.00
716.440	40.00
716.844	25.00
717.248	34.00
717.652	49.00
718.056	39.00
718.460	29.00
718.864	40.00
719.268	30.00
719.672	33.00
720.076	31.00
720.480	25.00
720.884	24.00
721.289	29.00
721.693	32.00
722.097	27.00
722.501	29.00
722.906	25.00
723.310	25.00
723.714	33.00
724.119	25.00
724.523	32.00
724.927	17.00
725.332	15.00
725.736	33.00
726.141	18.00
726.545	22.00
726.950	17.00
727.355	25.00
727.759	26.00
728.164	21.00
728.569	26.00
728.973	19.00
729.378	26.00
729.783	35.00
730.188	25.00
730.592	26.00
730.997	10.00
731.402	30.00
731.807	33.00
732.212	29.00
732.617	18.00
733.022	9.00
733.427	28.00
733.832	17.00
734.237	6.00
734.642	25.00
735.047	18.00
735.452	27.00
735.857	29.00
736.263	13.00
736.668	25.00
737.073	8.00
737.478	32.00
737.884	20.00
738.289	24.00
738.694	19.00
739.100	13.00
739.505	27.00
739.911	17.00
740.316	29.00
740.721	11.00
741.127	20.00
741.532	-1.00
741.938	11.00
742.344	29.00
742.749	21.00
743.155	12.00
743.561	0.00
743.966	14.00
744.372	21.00
744.778	14.00
745.184	5.00
745.590	24.00
745.995	4.00
746.401	20.00
746.807	15.00
747.213	13.00
747.619	7.00
748.025	15.00
748.431	20.00
748.837	14.00
749.243	11.00
749.649	14.00
750.056	12.00
750.462	13.00
750.868	13.00
751.274	16.00
751.680	21.00
752.087	14.00
752.493	22.00
752.899	0.00
753.306	6.00
753.712	12.00
754.119	6.00
754.525	3.00
754.932	6.00
755.338	14.00
755.744	16.00
756.151	9.00
756.558	13.00
756.964	10.00
757.371	11.00
757.778	9.00
758.184	13.00
758.591	7.00
758.998	8.00
759.405	13.00
759.811	9.00
760.218	11.00
760.625	6.00
761.032	5.00
761.439	7.00
761.846	0.00
762.253	16.00
762.660	11.00
763.067	17.00
763.474	11.00
763.881	13.00
764.289	10.00
764.696	5.00
765.103	12.00
765.510	12.00
765.917	13.00
766.325	11.00
766.732	4.00
767.139	19.00
767.547	12.00
767.954	6.00
768.362	15.00
768.769	1.00
769.177	8.00
769.584	4.00
769.992	18.00
770.399	8.00
770.807	6.00
771.215	10.00
771.622	-1.00
772.030	22.00
772.438	2.00
772.845	-1.00
773.253	0.00
773.661	7.00
774.069	13.00
774.477	11.00
774.885	13.00
775.293	1.00
775.701	-1.00
776.109	6.00
776.517	16.00
776.925	6.00
777.333	6.00
777.741	5.00
778.149	8.00
778.557	9.00
778.965	14.00
779.374	1.00
779.782	-10.00
780.190	14.00
780.599	9.00
781.007	13.00
781.415	-1.00
781.824	-5.00
782.232	12.00
782.641	15.00
783.049	10.00
783.458	1.00
783.866	26.00
784.275	6.00
784.684	3.00
785.092	16.00
785.501	5.00
785.910	9.00
786.318	-6.00
786.727	9.00
787.136	11.00
787.545	10.00
787.954	14.00
788.363	8.00
788.772	7.00
789.181	4.00
789.590	3.00
789.999	8.00
790.408	-7.00
790.817	-5.00
791.226	3.00
791.635	-10.00
792.044	5.00
792.454	11.00
792.863	3.00
793.272	14.00
793.681	-11.00
794.091	15.00
794.500	6.00
794.910	6.00
795.319	3.00
795.728	3.00
796.138	4.00
796.547	-2.00
796.957	8.00
797.367	0.00
797.776	-2.00
798.186	-2.00
798.596	-1.00
799.005	9.00
799.415	0.00
799.825	5.00
800.235	-4.00
800.644	3.00
801.054	13.00
801.464	3.00
801.874	-2.00
802.284	0.00
802.694	-10.00
803.104	13.00
803.514	10.00
803.924	7.00
804.334	2.00
804.745	-6.00
805.155	10.00
805.565	4.00
805.975	2.00
806.386	1.00
806.796	4.00
807.206	-1.00
807.617	3.00
808.027	6.00
808.438	18.00
808.848	7.00
809.258	12.00
809.669	-9.00
810.080	-6.00
810.490	7.00
810.901	8.00
811.312	-2.00
811.722	-8.00
812.133	2.00
812.544	8.00
812.954	9.00
813.365	4.00
813.776	0.00
814.187	4.00
814.598	-2.00
815.009	4.00
815.420	8.00
815.831	1.00
816.242	-1.00
816.653	4.00
817.064	4.00
817.475	4.00
817.887	-5.00
818.298	-5.00
818.709	0.00
819.120	3.00
819.532	6.00
819.943	1.00
820.354	6.00
820.766	-7.00
821.177	6.00
821.589	-2.00
822.000	2.00
822.412	3.00
822.823	3.00
823.235	9.00
823.647	-2.00
824.058	6.00
824.470	13.00
824.882	5.00
825.293	4.00
825.705	-7.00
826.117	-3.00
826.529	4.00
826.941	10.00
827.353	10.00
827.765	2.00
828.177	-2.00
828.589	4.00
829.001	17.00
829.413	-5.00
829.825	0.00
830.237	-9.00
830.649	4.00
831.062	5.00
831.474	-4.00
831.886	-1.00
832.299	-2.00
832.711	5.00
833.123	3.00
833.536	5.00
833.948	1.00
834.361	2.00
834.773	-8.00
835.186	4.00
835.599	7.00
836.011	2.00
836.424	0.00
836.837	-8.00
837.249	7.00
837.662	4.00
838.075	-1.00
838.488	-4.00
838.901	-2.00
839.313	0.00
839.726	-2.00
840.139	0.00
840.552	-5.00
840.965	5.00
841.378	2.00
841.792	2.00
842.205	2.00
842.618	2.00
843.031	2.00
843.444	4.00
843.858	-1.00
844.271	8.00
844.684	-4.00
845.098	17.00
845.511	-4.00
845.924	2.00
846.338	-7.00
846.752	4.00
847.165	1.00
847.579	4.00
847.992	-1.00
848.406	4.00
848.820	4.00
849.233	8.00
849.647	5.00
850.061	2.00
850.475	14.00
850.888	-10.00
851.302	3.00
851.716	-6.00
852.130	-3.00
852.544	-7.00
852.958	-3.00
853.372	7.00
853.786	0.00
854.201	11.00
854.615	1.00
855.029	0.00
855.443	-3.00
855.858	-1.00
856.272	8.00
856.686	5.00
857.100	0.00
857.515	-5.00
857.929	-6.00
858.344	7.00
858.758	-7.00
859.173	4.00
859.588	10.00
860.002	-4.00
860.417	7.00
860.831	3.00
861.246	2.00
861.661	11.00
862.076	7.00
862.491	7.00
862.906	-1.00
863.320	-4.00
863.735	-1.00
864.150	-3.00
864.565	10.00
864.980	-6.00
865.395	7.00
865.811	8.00
866.226	-8.00
866.641	10.00
867.056	-12.00
867.471	5.00
867.887	-1.00
868.302	-2.00
868.717	8.00
869.133	-7.00
869.548	16.00
869.964	6.00
870.379	19.00
870.795	1.00
871.210	-1.00
871.626	0.00
872.042	1.00
872.457	0.00
872.873	0.00
873.289	-7.00
873.704	1.00
874.120	5.00
874.536	0.00
874.952	5.00
875.368	-13.00
875.784	1.00
876.200	-5.00
876.616	8.00
877.032	2.00
877.448	0.00
877.864	3.00
878.280	-9.00
878.697	8.00
879.113	3.00
879.529	4.00
879.945	4.00
880.362	3.00
880.778	9.00
881.195	-4.00
881.611	5.00
882.028	1.00
882.444	6.00
882.861	8.00
883.277	-7.00
883.694	0.00
884.111	8.00
884.528	-1.00
884.944	5.00
885.361	4.00
885.778	0.00
886.195	2.00
886.612	6.00
887.029	-9.00
887.446	2.00
887.863	-14.00
888.280	5.00
888.697	-4.00
889.114	2.00
889.531	9.00
889.948	3.00
890.366	-4.00
890.783	2.00
891.200	12.00
891.618	-9.00
892.035	3.00
892.452	-7.00
892.870	-4.00
893.287	3.00
893.705	4.00
894.122	1.00
894.540	-5.00
894.958	2.00
895.375	7.00
895.793	-1.00
896.211	-4.00
896.629	-5.00
897.046	1.00
897.464	-7.00
897.882	7.00
898.300	0.00
898.718	-5.00
899.136	0.00
899.554	6.00
899.972	9.00
900.390	8.00
900.809	0.00
901.227	-1.00
901.645	-11.00
902.063	-1.00
902.482	9.00
902.900	6.00
903.318	6.00
903.737	4.00
904.155	-3.00
904.574	2.00
904.992	-1.00
905.411	5.00
905.829	-2.00
906.248	0.00
906.667	3.00
907.086	3.00
907.504	6.00
907.923	2.00
908.342	4.00
908.761	-5.00
909.180	4.00
909.599	-3.00
910.018	0.00
910.437	0.00
910.856	1.00
911.275	4.00
911.694	-3.00
912.113	8.00
912.532	-1.00
912.952	-1.00
913.371	-10.00
913.790	12.00
914.210	12.00
914.629	-13.00
915.049	-3.00
915.468	-1.00
915.888	12.00
916.307	0.00
916.727	5.00
917.146	5.00
917.566	1.00
917.986	7.00
918.406	7.00
918.825	-4.00
919.245	8.00
919.665	3.00
920.085	5.00
920.505	-6.00
920.925	3.00
921.345	5.00
921.765	3.00
922.185	3.00
922.605	5.00
923.026	-1.00
923.446	11.00
923.866	3.00
924.286	1.00
924.707	10.00
925.127	-9.00
925.547	7.00
925.968	2.00
926.388	10.00
926.809	1.00
927.229	0.00
927.650	6.00
928.071	-3.00
928.491	16.00
928.912	-3.00
929.333	2.00
929.754	-11.00
930.175	-13.00
930.595	8.00
931.016	-8.00
931.437	3.00
931.858	3.00
932.279	4.00
932.700	8.00
933.122	-2.00
933.543	-9.00
933.964	3.00
934.385	-10.00
934.806	12.00
935.228	0.00
935.649	0.00
936.070	1.00
936.492	-5.00
936.913	12.00
937.335	0.00
937.756	4.00
938.178	8.00
938.600	2.00
939.021	5.00
939.443	1.00
939.865	2.00
940.286	-1.00
940.708	5.00
941.130	12.00
941.552	-10.00
941.974	6.00
942.396	6.00
942.818	3.00
943.240	4.00
943.662	-5.00
944.084	14.00
944.507	1.00
944.929	8.00
945.351	2.00
945.773	-5.00
946.196	-6.00
946.618	9.00
947.041	-3.00
947.463	6.00
947.886	2.00
948.308	10.00
948.731	7.00
949.153	1.00
949.576	16.00
949.999	0.00
950.421	7.00
950.844	-8.00
951.267	1.00
951.690	-3.00
952.113	-6.00
952.536	3.00
952.959	-8.00
953.382	12.00
953.805	3.00
954.228	-1.00
954.651	5.00
955.074	-5.00
955.498	2.00
955.921	1.00
956.344	-1.00
956.768	10.00
957.191	5.00
957.614	15.00
958.038	1.00
958.461	1.00
958.885	2.00
959.309	-3.00
959.732	4.00
960.156	0.00
960.580	-2.00
961.003	4.00
961.427	5.00
961.851	0.00
962.275	1.00
962.699	-3.00
963.123	4.00
963.547	2.00
963.971	3.00
964.395	0.00
964.819	-4.00
965.243	5.00
965.668	-5.00
966.092	15.00
966.516	-7.00
966.940	10.00
967.365	-9.00
967.789	3.00
968.214	0.00
968.638	-6.00
969.063	4.00
969.487	-1.00
969.912	2.00
970.337	1.00
970.761	12.00
971.186	-5.00
971.611	-5.00
972.036	-1.00
972.461	5.00
972.885	-3.00
973.310	4.00
973.735	5.00
974.161	-12.00
974.586	8.00
975.011	-3.00
975.436	-1.00
975.861	11.00
976.286	-2.00
976.712	7.00
977.137	4.00
977.562	3.00
977.988	3.00
