159.571	0.4393
159.963	0.7782
160.354	0.6767
160.746	NaN
161.137	NaN
161.528	NaN
161.920	NaN
162.311	NaN
162.703	0.7533
163.094	1.0414
163.485	1.3222
163.877	0.3617
164.268	0.2596
164.660	0.4586
165.051	NaN
165.442	NaN
165.834	NaN
166.225	NaN
166.616	NaN
167.007	0.8129
167.399	0.5643
167.790	0.6435
168.181	NaN
168.573	1.0414
168.964	0.7404
169.355	NaN
169.746	0.9031
170.138	1.1461
170.529	NaN
170.920	0.6021
171.311	0.5051
171.702	1.0414
172.094	NaN
172.485	0.7404
172.876	1.3424
173.267	NaN
173.658	1.3424
174.050	0.6651
174.441	¡Þ
174.832	1.1563
175.223	NaN
175.614	0.4847
176.005	1.0792
176.396	NaN
176.787	1.2553
177.179	¡Þ
177.570	NaN
177.961	0.8062
178.352	0.7939
178.743	1.0864
179.134	1.7924
179.525	1.7924
179.916	0.7549
180.307	1.6532
180.698	0.7690
181.089	1.0832
181.480	NaN
181.871	2.1818
182.262	¡Þ
182.653	NaN
183.044	1.0834
183.435	NaN
183.826	1.9942
184.217	NaN
184.608	NaN
184.999	1.9766
185.390	1.6117
185.781	2.1818
186.172	1.7736
186.563	NaN
186.954	NaN
187.345	1.6435
187.736	NaN
188.126	2.2142
188.517	NaN
188.908	NaN
189.299	1.9311
189.690	¡Þ
190.081	2.0553
190.472	2.4502
190.862	2.0864
191.253	2.0081
191.644	NaN
192.035	¡Þ
192.426	1.8486
192.817	NaN
193.207	2.5416
193.598	NaN
193.989	NaN
194.380	1.9000
194.771	NaN
195.161	NaN
195.552	2.5999
195.943	NaN
196.334	2.0785
196.724	2.4864
197.115	¡Þ
197.506	2.4153
197.897	NaN
198.287	NaN
198.678	¡Þ
199.069	2.8306
199.459	2.6593
199.850	2.8510
200.241	2.4597
200.632	1.9488
201.022	NaN
201.413	2.0566
201.804	NaN
202.194	NaN
202.585	2.8774
202.976	NaN
203.366	2.8820
203.757	2.5641
204.147	NaN
204.538	3.1816
204.929	NaN
205.319	2.4958
205.710	2.0386
206.101	2.4914
206.491	2.4216
206.882	2.4045
207.272	NaN
207.663	2.5894
208.053	NaN
208.444	¡Þ
208.835	NaN
209.225	NaN
209.616	¡Þ
210.006	NaN
210.397	2.4289
210.787	NaN
211.178	NaN
211.568	NaN
211.959	2.3660
212.349	2.8943
212.740	2.3035
213.130	NaN
213.521	2.3606
213.911	NaN
214.302	3.2028
214.692	NaN
215.083	2.2553
215.473	2.9047
215.864	NaN
216.254	NaN
216.645	2.7232
217.035	2.2978
217.426	2.0547
217.816	NaN
218.206	2.6053
218.597	NaN
218.987	2.2017
219.378	2.6042
219.768	2.6064
220.159	NaN
220.549	2.3062
220.939	2.5960
221.330	2.2994
221.720	NaN
222.111	2.4300
222.501	NaN
222.891	¡Þ
223.282	NaN
223.672	¡Þ
224.062	2.3070
224.453	2.7398
224.843	2.7438
225.233	2.3732
225.624	2.5305
226.014	NaN
226.404	2.6075
226.795	¡Þ
227.185	3.2230
227.575	NaN
227.966	2.0474
228.356	2.1821
228.746	3.2307
229.137	2.5151
229.527	NaN
229.917	2.1596
230.308	3.2317
230.698	2.3302
231.088	2.2011
231.478	2.9467
231.869	2.7599
232.259	2.7574
232.649	2.3245
233.040	2.0719
233.430	NaN
233.820	NaN
234.210	2.7664
234.601	NaN
234.991	2.3412
235.381	2.2430
235.771	NaN
236.161	2.5492
236.552	NaN
236.942	NaN
237.332	NaN
237.722	NaN
238.113	NaN
238.503	NaN
238.893	NaN
239.283	2.2170
239.673	NaN
240.064	2.3962
240.454	2.2942
240.844	NaN
241.234	2.3539
241.624	2.2969
242.014	2.5480
242.405	2.2158
242.795	NaN
243.185	NaN
243.575	2.5582
243.965	NaN
244.355	2.4798
244.746	NaN
245.136	NaN
245.526	2.2984
245.916	2.5592
246.306	¡Þ
246.696	2.0156
247.086	NaN
247.477	2.2127
247.867	NaN
248.257	NaN
248.647	1.9362
249.037	2.9571
249.427	3.2596
249.817	2.6420
250.207	NaN
250.598	2.5483
250.988	NaN
251.378	2.7774
251.768	2.7657
252.158	NaN
252.548	2.3034
252.938	2.2519
253.328	2.4007
253.718	2.9513
254.108	¡Þ
254.498	NaN
254.888	NaN
255.279	NaN
255.669	2.0246
256.059	2.2051
256.449	¡Þ
256.839	2.7767
257.229	NaN
257.619	2.6370
258.009	¡Þ
258.399	NaN
258.789	2.4566
259.179	NaN
259.569	2.3879
259.959	2.4443
260.349	2.7520
260.739	2.1456
261.129	¡Þ
261.519	NaN
261.909	2.9307
262.299	NaN
262.689	2.3102
263.079	3.2201
263.469	NaN
263.859	2.3170
264.249	3.2164
264.639	NaN
265.029	2.1748
265.419	NaN
265.810	2.4380
266.199	¡Þ
266.589	NaN
266.979	2.0237
267.369	2.7243
267.759	3.2084
268.149	NaN
268.539	NaN
268.929	2.1241
269.319	2.4252
269.709	NaN
270.099	2.3652
270.489	2.7235
270.879	2.8987
271.269	¡Þ
271.659	2.3489
272.049	2.2430
272.439	NaN
272.829	3.1995
273.219	2.5100
273.609	NaN
273.999	2.3494
274.389	NaN
274.779	2.7196
275.169	NaN
275.559	2.5936
275.949	¡Þ
276.339	2.5949
276.729	¡Þ
277.119	2.0885
277.509	NaN
277.899	2.1965
278.289	2.2936
278.679	2.8927
279.069	2.4238
279.459	NaN
279.849	2.8915
280.238	NaN
280.628	2.4191
281.018	2.2856
281.408	2.2419
281.798	2.8885
282.188	2.2355
282.578	2.5022
282.968	3.1967
283.358	2.5801
283.748	NaN
284.138	2.4166
284.528	2.3059
284.918	2.4950
285.308	NaN
285.698	NaN
286.088	2.5079
286.478	NaN
286.867	NaN
287.257	NaN
287.647	2.3027
288.037	2.6029
288.427	2.3486
288.817	2.7270
289.207	1.8854
289.597	2.4139
289.987	2.2942
290.377	2.6050
290.767	NaN
291.157	NaN
291.547	2.5032
291.937	2.4063
292.327	1.9992
292.716	2.7202
293.106	2.4900
293.496	2.8963
293.886	2.5941
294.276	2.3433
294.666	NaN
295.056	2.8834
295.446	2.1895
295.836	NaN
296.226	NaN
296.616	NaN
297.006	NaN
297.396	2.4843
297.785	NaN
298.175	2.5902
298.565	2.8820
298.955	2.1321
299.345	NaN
299.735	2.6995
300.125	NaN
300.515	2.3304
300.905	2.0621
301.295	NaN
301.685	2.2675
302.075	2.8719
302.465	¡Þ
302.854	2.1694
303.244	NaN
303.634	2.3802
304.024	2.3744
304.414	2.2535
304.804	2.0456
305.194	2.3927
305.584	2.1436
305.974	2.1097
306.364	¡Þ
306.754	2.2891
307.144	NaN
307.534	2.1026
307.924	2.0909
308.314	NaN
308.703	2.1818
309.093	3.1316
309.483	2.2836
309.873	NaN
310.263	NaN
310.653	¡Þ
311.043	3.1149
311.433	3.1113
311.823	2.6415
312.213	2.3277
312.603	2.4062
312.993	2.5136
313.383	NaN
313.773	2.4952
314.163	2.1045
314.553	NaN
314.943	1.9847
315.332	NaN
315.722	3.0910
316.112	2.1786
316.502	NaN
316.892	1.9649
317.282	1.8570
317.672	NaN
318.062	2.5914
318.452	3.0763
318.842	2.2959
319.232	2.1546
319.622	NaN
320.012	2.7709
320.402	2.2095
320.792	2.2152
321.182	1.8674
321.572	2.7497
321.962	NaN
322.352	NaN
322.742	2.7384
323.132	2.4393
323.522	NaN
323.912	2.3377
324.302	2.4326
324.692	2.4253
325.082	NaN
325.472	2.1626
325.862	2.2321
326.252	1.9810
326.642	¡Þ
327.032	1.9311
327.422	NaN
327.812	2.2227
328.202	NaN
328.592	2.3953
328.982	2.3109
329.372	2.2192
329.762	NaN
330.152	2.0787
330.542	1.8688
330.932	2.2100
331.322	2.6803
331.712	NaN
332.102	2.2728
332.492	2.9805
332.882	1.8898
333.272	2.1833
333.662	NaN
334.052	2.1201
334.442	2.0434
334.832	NaN
335.222	1.9600
335.612	2.4703
336.002	NaN
336.392	NaN
336.782	NaN
337.172	2.9289
337.562	2.0859
337.952	NaN
338.342	2.2212
338.733	NaN
339.123	2.0160
339.513	NaN
339.903	2.3102
340.293	¡Þ
340.683	NaN
341.073	NaN
341.463	1.9650
341.853	1.8463
342.243	1.6976
342.633	2.4409
343.023	2.4023
343.413	NaN
343.804	NaN
344.194	1.5698
344.584	NaN
344.974	¡Þ
345.364	2.4790
345.754	2.3032
346.144	NaN
346.534	1.6863
346.924	NaN
347.315	NaN
347.705	2.2648
348.095	¡Þ
348.485	1.9566
348.875	1.4513
349.265	2.7474
349.655	2.5470
350.046	NaN
350.436	1.8761
350.826	NaN
351.216	2.2522
351.606	2.3832
351.996	2.5378
352.387	2.0563
352.777	1.5636
353.167	NaN
353.557	1.7217
353.947	2.2240
354.337	¡Þ
354.728	2.2155
355.118	2.8055
355.508	1.4942
355.898	1.8353
356.288	2.7760
356.679	1.8844
357.069	2.2981
357.459	1.8232
357.849	2.1681
358.240	2.7505
358.630	1.6635
359.020	2.1422
359.410	2.1629
359.801	1.8603
360.191	2.7664
360.581	2.7459
360.971	1.8459
361.362	NaN
361.752	2.4594
362.142	2.4232
362.532	2.4448
362.923	1.7419
363.313	2.1222
363.703	2.7251
364.093	1.7210
364.484	2.1263
364.874	1.5210
365.264	¡Þ
365.655	1.6902
366.045	1.5547
366.435	1.5127
366.826	1.6144
367.216	1.5275
367.606	1.8701
367.996	1.4257
368.387	2.3856
368.777	1.5306
369.168	1.3334
369.558	1.6470
369.948	1.3768
370.339	1.4580
370.729	1.4659
371.119	1.3113
371.510	1.2041
371.900	1.2113
372.290	1.1953
372.681	1.2006
373.071	1.0027
373.462	0.8230
373.852	0.9103
374.242	0.9155
374.633	0.7828
375.023	0.8613
375.414	0.7071
375.804	0.7252
376.195	0.6640
376.585	0.6232
376.975	0.5856
377.366	0.5226
377.756	0.4956
378.147	0.5400
378.537	0.4257
378.928	0.4301
379.318	0.4318
379.709	0.3984
380.099	0.3769
380.490	0.3064
380.880	0.3142
381.271	0.2893
381.661	0.2877
382.052	0.2401
382.442	0.2555
382.833	0.1972
383.223	0.2422
383.614	0.1780
384.004	0.1714
384.395	0.1681
384.785	0.1268
385.176	0.1483
385.566	0.1221
385.957	0.1303
386.347	0.1191
386.738	0.0875
387.129	0.0958
387.519	0.0733
387.910	0.0803
388.300	0.0743
388.691	0.0527
389.082	0.0668
389.472	0.0471
389.863	0.0445
390.253	0.0317
390.644	0.0334
391.035	0.0102
391.425	0.0202
391.816	0.0350
392.207	0.0249
392.597	0.0000
392.988	0.0128
393.379	0.0125
393.769	0.0094
394.160	-0.0244
394.551	-0.0069
394.941	-0.0126
395.332	-0.0056
395.723	-0.0164
396.114	0.0047
396.504	0.0045
396.895	-0.0227
397.286	-0.0161
397.676	-0.0100
398.067	-0.0075
398.458	0.0019
398.849	-0.0193
399.240	0.0038
399.630	0.0000
400.021	-0.0264
400.412	-0.0097
400.803	-0.0304
401.193	-0.0076
401.584	-0.0349
401.975	-0.0333
402.366	-0.0114
402.757	-0.0599
403.148	-0.0199
403.538	-0.0296
403.929	-0.0183
404.320	-0.0433
404.711	-0.0175
405.102	-0.0209
405.493	-0.0177
405.884	-0.0501
406.274	-0.0215
406.665	-0.0302
407.056	-0.0360
407.447	-0.0202
407.838	-0.0200
408.229	-0.0240
408.620	-0.0194
409.011	-0.0307
409.402	-0.0382
409.793	-0.0234
410.184	-0.0537
410.575	-0.0196
410.966	-0.0345
411.357	0.0061
411.748	-0.0129
412.139	-0.0348
412.530	-0.0387
412.921	-0.0151
413.312	-0.0399
413.703	-0.0060
414.094	-0.0315
414.485	-0.0217
414.876	-0.0244
415.267	-0.0260
415.658	-0.0064
416.049	-0.0341
416.440	-0.0213
416.831	-0.0389
417.222	-0.0349
417.613	-0.0491
418.004	-0.0213
418.395	-0.0356
418.787	-0.0428
419.178	-0.0514
419.569	-0.0581
419.960	-0.0431
420.351	-0.0505
420.742	-0.0120
421.133	-0.0260
421.525	-0.0402
421.916	-0.0198
422.307	-0.0252
422.698	-0.0052
423.089	-0.0416
423.481	-0.0479
423.872	-0.0201
424.263	-0.0055
424.654	-0.0275
425.046	-0.0327
425.437	-0.0287
425.828	0.0052
426.219	-0.0518
426.611	-0.0306
427.002	-0.0104
427.393	-0.0352
427.785	-0.0142
428.176	-0.0298
428.567	-0.0538
428.958	-0.0286
429.350	-0.0210
429.741	-0.0072
430.133	-0.0372
430.524	-0.0056
430.915	-0.0528
431.307	-0.0377
431.698	-0.0316
432.089	-0.0291
432.481	-0.0255
432.872	0.0053
433.264	-0.0149
433.655	-0.0391
434.047	0.0177
434.438	-0.0212
434.829	-0.0777
435.221	-0.0143
435.612	-0.0425
436.004	-0.0324
436.395	-0.0131
436.787	-0.0508
437.178	-0.0519
437.570	-0.0485
437.961	-0.0397
438.353	-0.0405
438.744	-0.0468
439.136	-0.0259
439.528	-0.0308
439.919	-0.0260
440.311	0.0151
440.702	0.0287
441.094	-0.0103
441.486	-0.0041
441.877	-0.0288
442.269	-0.0243
442.660	-0.0335
443.052	-0.0101
443.444	-0.0205
443.835	-0.0227
444.227	-0.0442
444.619	-0.0080
445.010	-0.0121
445.402	-0.0233
445.794	-0.0202
446.186	0.0108
446.577	-0.0472
446.969	0.0174
447.361	-0.0063
447.753	-0.0071
448.144	0.0170
448.536	0.0375
448.928	-0.0198
449.320	0.0031
449.711	-0.0023
450.103	-0.0291
450.495	-0.0043
450.887	-0.0022
451.279	0.0100
451.671	0.0100
452.062	0.0300
452.454	0.0169
452.846	-0.0115
453.238	-0.0215
453.630	-0.0525
454.022	-0.0309
454.414	0.0069
454.806	0.0403
455.198	-0.0435
455.590	-0.0269
455.982	-0.0314
456.374	-0.0350
456.766	-0.0087
457.158	-0.0316
457.550	-0.0032
457.942	-0.0113
458.334	-0.0223
458.726	-0.0113
459.118	0.0012
459.510	-0.0416
459.902	-0.0098
460.294	-0.0274
460.686	-0.0097
461.078	-0.0125
461.470	0.0000
461.862	-0.0617
462.254	-0.0045
462.647	0.0247
463.039	0.0078
463.431	-0.0258
463.823	-0.0150
464.215	-0.0416
464.607	0.0070
465.000	-0.0145
465.392	0.0171
465.784	-0.0262
466.176	-0.0167
466.569	-0.0280
466.961	-0.0377
467.353	-0.0286
467.745	-0.0405
468.138	-0.0324
468.530	-0.0415
468.922	0.0043
469.315	0.0029
469.707	-0.0459
470.099	-0.0213
470.492	-0.0343
470.884	-0.0203
471.276	-0.0177
471.669	-0.0291
472.061	-0.0394
472.453	0.0064
472.846	-0.0144
473.238	-0.0126
473.631	-0.0172
474.023	0.0053
474.416	-0.0282
474.808	-0.0244
475.201	-0.0096
475.593	-0.0378
475.986	-0.0542
476.378	0.0040
476.771	-0.0345
477.163	-0.0258
477.556	-0.0367
477.948	-0.0558
478.341	-0.0266
478.733	-0.0117
479.126	-0.0116
479.519	-0.0487
479.911	-0.0293
480.304	-0.0014
480.697	-0.0104
481.089	-0.0371
481.482	-0.0183
481.875	-0.0690
482.267	-0.0400
482.660	-0.0802
483.053	-0.1003
483.445	-0.0625
483.838	-0.0281
484.231	-0.0405
484.624	-0.0362
485.016	0.0139
485.409	0.0428
485.802	0.0348
486.195	0.0345
486.588	0.0039
486.980	-0.0205
487.373	-0.0319
487.766	-0.0085
488.159	-0.0481
488.552	-0.0649
488.945	-0.0834
489.338	-0.0399
489.731	-0.0339
490.124	-0.0246
490.517	0.0174
490.909	-0.0285
491.302	0.0071
491.695	-0.0043
492.088	-0.0196
492.481	-0.0121
492.874	-0.0295
493.267	-0.0338
493.661	-0.0236
494.054	-0.0069
494.447	-0.0268
494.840	-0.0324
495.233	0.0044
495.626	-0.0077
496.019	0.0156
496.412	-0.0311
496.805	-0.0479
497.198	0.0223
497.592	-0.0151
497.985	-0.0207
498.378	-0.0495
498.771	-0.0251
499.164	-0.0014
499.558	-0.0086
499.951	-0.0315
500.344	-0.0503
500.737	-0.0431
501.131	-0.0325
501.524	-0.0300
501.917	0.0054
502.311	-0.0258
502.704	-0.0399
503.097	-0.0360
503.491	-0.0476
503.884	-0.0056
504.277	-0.0077
504.671	-0.0348
505.064	-0.0015
505.458	0.0187
505.851	-0.0293
506.245	-0.0119
506.638	-0.0182
507.031	-0.0317
507.425	0.0076
507.818	0.0073
508.212	-0.0162
508.605	-0.0044
508.999	0.0076
509.393	-0.0089
509.786	-0.0218
510.180	0.0031
510.573	-0.0015
510.967	0.0000
511.361	-0.0211
511.754	-0.0261
512.148	-0.0062
512.542	0.0125
512.935	0.0000
513.329	0.0538
513.723	0.0157
514.116	0.0350
514.510	0.0209
514.904	-0.0097
515.298	0.0118
515.691	0.0279
516.085	0.0138
516.479	0.0093
516.873	0.0334
517.267	0.0030
517.660	0.0175
518.054	0.0044
518.448	-0.0111
518.842	-0.0016
519.236	0.0325
519.630	0.0149
520.024	-0.0080
520.418	0.0293
520.812	0.0109
521.206	0.0161
521.600	0.0110
521.994	0.0178
522.388	0.0000
522.782	0.0216
523.176	-0.0048
523.570	0.0362
523.964	-0.0076
524.358	-0.0083
524.752	-0.0179
525.146	0.0079
525.540	-0.0169
525.934	0.0417
526.329	0.0344
526.723	0.0104
527.117	0.0136
527.511	0.0337
527.905	-0.0180
528.300	0.0000
528.694	0.0000
529.088	-0.0045
529.482	0.0144
529.877	-0.0515
530.271	-0.0157
530.665	-0.0140
531.060	0.0309
531.454	-0.0211
531.848	-0.0149
532.243	0.0058
532.637	0.0255
533.031	-0.0265
533.426	-0.0187
533.820	0.0153
534.215	0.0115
534.609	-0.0208
535.004	0.0090
535.398	-0.0131
535.793	0.0211
536.187	0.0119
536.582	0.0014
536.976	-0.0158
537.371	0.0137
537.766	-0.0043
538.160	-0.0113
538.555	-0.0316
538.949	0.0247
539.344	-0.0417
539.739	-0.0262
540.133	0.0170
540.528	-0.0182
540.923	-0.0043
541.317	0.0153
541.712	0.0114
542.107	-0.0192
542.502	0.0079
542.897	0.0156
543.291	-0.0044
543.686	-0.0028
544.081	0.0238
544.476	0.0125
544.871	-0.0398
545.266	-0.0071
545.661	0.0027
546.055	0.0067
546.450	-0.0316
546.845	0.0041
547.240	-0.0258
547.635	0.0066
548.030	0.0029
548.425	0.0087
548.820	-0.0042
549.215	-0.0410
549.610	-0.0135
550.005	0.0058
550.400	-0.0015
550.796	-0.0247
551.191	0.0340
551.586	-0.0129
551.981	-0.0178
552.376	-0.0161
552.771	-0.0098
553.166	-0.0201
553.562	-0.0364
553.957	-0.0027
554.352	-0.0247
554.747	0.0182
555.143	-0.0270
555.538	-0.0176
555.933	-0.0029
556.329	-0.0285
556.724	-0.0042
557.119	-0.0096
557.515	-0.0139
557.910	-0.0065
558.306	-0.0186
558.701	-0.0330
559.096	-0.0421
559.492	-0.0215
559.887	-0.0252
560.283	-0.0167
560.678	-0.0120
561.074	-0.0236
561.469	-0.0105
561.865	-0.0037
562.260	-0.0183
562.656	-0.0307
563.052	-0.0281
563.447	-0.0092
563.843	-0.0467
564.239	-0.0037
564.634	-0.0546
565.030	-0.0047
565.426	-0.0464
565.821	-0.0535
566.217	-0.0619
566.613	-0.0156
567.009	-0.0528
567.405	-0.0408
567.800	-0.0476
568.196	-0.0231
568.592	-0.0059
568.988	-0.0522
569.384	-0.0120
569.780	-0.0321
570.176	-0.0249
570.572	-0.0254
570.967	-0.0288
571.363	-0.0353
571.759	-0.0377
572.155	-0.0380
572.551	-0.0723
572.948	-0.0501
573.344	-0.0463
573.740	-0.0390
574.136	-0.0386
574.532	-0.0323
574.928	-0.0432
575.324	-0.0279
575.720	-0.0146
576.116	-0.0230
576.513	-0.0222
576.909	-0.0126
577.305	-0.0448
577.701	-0.0271
578.098	-0.0357
578.494	-0.0538
578.890	-0.0574
579.286	-0.0577
579.683	-0.0302
580.079	-0.0275
580.475	-0.0011
580.872	0.0114
581.268	-0.0249
581.665	-0.0437
582.061	-0.0461
582.458	-0.0382
582.854	-0.0333
583.251	-0.0402
583.647	-0.0323
584.044	0.0019
584.440	-0.0119
584.837	-0.0127
585.233	-0.0279
585.630	-0.0322
586.027	-0.0227
586.423	0.0041
586.820	-0.0157
587.217	0.0117
587.613	-0.0122
588.010	-0.0239
588.407	-0.0050
588.804	-0.0400
589.200	-0.0334
589.597	-0.0311
589.994	-0.0398
590.391	-0.0574
590.788	-0.0336
591.184	-0.0445
591.581	-0.0391
591.978	-0.0168
592.375	-0.0251
592.772	-0.0133
593.169	-0.0146
593.566	-0.0165
593.963	-0.0137
594.360	-0.0163
594.757	-0.0008
595.154	-0.0301
595.551	-0.0551
595.948	-0.0529
596.345	-0.0453
596.742	-0.0522
597.140	-0.0119
597.537	-0.0314
597.934	-0.0542
598.331	-0.0289
598.728	-0.0395
599.125	-0.0417
599.523	-0.0534
599.920	-0.0147
600.317	-0.0244
600.715	-0.0425
601.112	-0.0180
601.509	-0.0302
601.907	-0.0104
602.304	-0.0382
602.702	-0.0322
603.099	-0.0248
603.496	-0.0183
603.894	-0.0217
604.291	-0.0171
604.689	-0.0413
605.086	-0.0195
605.484	-0.0357
605.882	-0.0089
606.279	0.0084
606.677	-0.0438
607.074	-0.0261
607.472	-0.0336
607.870	-0.0180
608.267	0.0017
608.665	-0.0399
609.063	-0.0391
609.461	-0.0195
609.858	-0.0502
610.256	-0.0060
610.654	-0.0074
611.052	-0.0362
611.449	-0.0243
611.847	-0.0033
612.245	0.0033
612.643	-0.0137
613.041	0.0175
613.439	-0.0083
613.837	0.0000
614.235	-0.0109
614.633	-0.0127
615.031	-0.0196
615.429	-0.0586
615.827	-0.0454
616.225	0.0415
616.623	0.1099
617.021	0.1284
617.419	0.1703
617.818	0.2395
618.216	0.0411
618.614	-0.1627
619.012	-0.1490
619.410	-0.0415
619.809	-0.0153
620.207	-0.0881
620.605	-0.0613
621.004	-0.0751
621.402	-0.0923
621.800	0.1180
622.199	0.1455
622.597	-0.1776
622.996	-0.3037
623.394	-0.1782
623.792	-0.0407
624.191	0.0661
624.589	0.0635
624.988	0.0009
625.387	-0.0363
625.785	-0.0551
626.184	-0.0095
626.582	-0.0054
626.981	0.0257
627.380	-0.0213
627.778	-0.0128
628.177	-0.0167
628.576	-0.0046
628.974	-0.0180
629.373	-0.0215
629.772	0.0219
630.171	0.0348
630.570	0.0138
630.968	0.0497
631.367	0.0325
631.766	0.0564
632.165	0.0215
632.564	0.0344
632.963	0.0154
633.362	0.0044
633.761	0.0010
634.160	0.0000
634.559	-0.0069
634.958	-0.0203
635.357	-0.0089
635.756	0.0022
636.155	-0.0267
636.554	-0.0082
636.954	-0.0190
637.353	0.0045
637.752	-0.0246
638.151	-0.0510
638.550	-0.0134
638.950	-0.0525
639.349	-0.0352
639.748	-0.0060
640.148	-0.0059
640.547	0.0012
640.946	-0.0332
641.346	-0.0561
641.745	-0.0170
642.145	-0.0716
642.544	-0.0497
642.943	-0.0145
643.343	-0.0570
643.742	-0.0681
644.142	-0.0245
644.542	-0.0339
644.941	0.0023
645.341	-0.0261
645.740	-0.0069
646.140	-0.0081
646.540	0.0101
646.940	-0.0367
647.339	-0.0173
647.739	0.0172
648.139	0.0335
648.539	0.0135
648.938	0.0288
649.338	-0.0307
649.738	-0.0011
650.138	-0.0210
650.538	-0.0441
650.938	-0.0539
651.338	-0.0606
651.738	-0.0955
652.138	-0.1758
652.538	-0.1894
652.938	-0.1686
653.338	-0.1271
653.738	-0.0746
654.138	-0.0396
654.538	0.0164
654.938	0.0567
655.338	0.1145
655.739	0.1457
656.139	0.0964
656.539	0.0196
656.939	0.0068
657.339	0.0049
657.740	-0.0122
658.140	-0.0294
658.540	-0.0386
658.941	-0.0225
659.341	-0.0265
659.742	-0.0474
660.142	-0.0417
660.542	0.0147
660.943	-0.0334
661.343	-0.0435
661.744	-0.0358
662.145	-0.0498
662.545	-0.0237
662.946	-0.0408
663.346	-0.0417
663.747	-0.0529
664.148	-0.0061
664.548	-0.0236
664.949	-0.0069
665.350	-0.0059
665.751	0.0240
666.151	-0.0131
666.552	-0.0281
666.953	-0.0336
667.354	-0.0539
667.755	-0.0329
668.156	-0.0161
668.557	-0.0223
668.958	-0.0206
669.358	-0.0344
669.759	-0.1023
670.160	-0.0269
670.562	-0.0428
670.963	0.0125
671.364	-0.0152
671.765	0.0264
672.166	0.0095
672.567	-0.0190
672.968	-0.0035
673.369	-0.0311
673.771	-0.0134
674.172	-0.0496
674.573	-0.0593
674.975	-0.0082
675.376	-0.0814
675.777	-0.0837
676.179	-0.0512
676.580	-0.0510
676.981	-0.0440
677.383	-0.0069
677.784	-0.0107
678.186	-0.0232
678.587	0.0097
678.989	-0.0282
679.390	-0.0219
679.792	0.0046
680.194	0.0071
680.595	-0.0034
680.997	-0.0288
681.398	-0.0188
681.800	-0.0613
682.202	-0.0518
682.604	-0.0185
683.006	-0.0420
683.407	-0.0111
683.809	-0.0376
684.211	-0.0350
684.613	-0.0500
685.015	-0.0273
685.417	-0.0311
685.819	-0.0269
686.221	-0.0106
686.623	-0.0200
687.025	-0.0467
687.427	-0.0389
687.829	-0.0220
688.231	-0.0282
688.633	-0.0404
689.035	-0.0074
689.437	-0.0226
689.839	-0.0043
690.242	-0.0484
690.644	-0.0240
691.046	-0.0173
691.448	0.0086
691.851	-0.0324
692.253	-0.0033
692.656	-0.0375
693.058	-0.0314
693.460	-0.0475
693.863	0.0023
694.265	-0.0300
694.668	-0.0307
695.070	-0.0158
695.473	-0.0112
695.875	-0.0406
696.278	-0.0198
696.681	-0.0291
697.083	-0.0153
697.486	-0.0274
697.889	-0.0331
698.291	-0.0263
698.694	0.0079
699.097	-0.0359
699.500	0.0012
699.902	-0.0210
700.305	0.0034
700.708	0.0012
701.111	0.0011
701.514	-0.0034
701.917	-0.0160
702.320	-0.0078
702.723	0.0058
703.126	-0.0227
703.529	-0.0065
703.932	-0.0191
704.335	-0.0203
704.738	-0.0308
705.141	-0.0216
705.545	-0.0179
705.948	-0.0197
706.351	0.0097
706.754	-0.0445
707.157	-0.0458
707.561	0.0119
707.964	-0.0135
708.367	-0.0403
708.771	-0.0378
709.174	-0.0540
709.578	-0.0127
709.981	-0.0637
710.385	-0.0565
710.788	-0.0554
711.192	-0.0601
711.595	-0.0523
711.999	-0.0462
712.402	-0.0824
712.806	-0.0426
713.210	-0.0382
713.613	-0.0848
714.017	-0.0022
714.421	-0.0180
714.825	0.0011
715.229	-0.0033
715.632	-0.0248
716.036	-0.0404
716.440	-0.0354
716.844	-0.0337
717.248	-0.0307
717.652	-0.0087
718.056	-0.0194
718.460	-0.0300
718.864	-0.0100
719.268	-0.0444
719.672	0.0034
720.076	-0.0220
720.480	-0.0176
720.884	-0.0445
721.289	-0.0336
721.693	-0.0177
722.097	-0.0458
722.501	-0.0462
722.906	-0.0455
723.310	-0.0253
723.714	-0.0284
724.119	-0.0341
724.523	-0.0254
724.927	-0.0413
725.332	-0.0549
725.736	-0.0486
726.141	-0.0510
726.545	-0.0243
726.950	-0.0574
727.355	-0.0522
727.759	-0.0441
728.164	-0.0377
728.569	-0.0702
728.973	-0.0161
729.378	-0.0535
729.783	-0.0606
730.188	-0.0340
730.592	-0.0581
730.997	0.0011
731.402	-0.0044
731.807	-0.0032
732.212	-0.0111
732.617	-0.0118
733.022	0.0000
733.427	-0.0185
733.832	0.0022
734.237	-0.0181
734.642	-0.0140
735.047	-0.0099
735.452	0.0106
735.857	-0.0254
736.263	0.0099
736.668	-0.0087
737.073	-0.0318
737.478	-0.0200
737.884	-0.0347
738.289	-0.0110
738.694	-0.0405
739.100	-0.0440
739.505	-0.0286
739.911	-0.0681
740.316	-0.0562
740.721	-0.0339
741.127	-0.0491
741.532	-0.0232
741.938	-0.0256
742.344	-0.0488
742.749	-0.0280
743.155	-0.0555
743.561	-0.0342
743.966	-0.0419
744.372	-0.0764
744.778	-0.0330
745.184	-0.0492
745.590	-0.0248
745.995	0.0000
746.401	-0.0477
746.807	-0.0488
747.213	-0.0406
747.619	-0.0369
748.025	-0.0122
748.431	-0.0434
748.837	-0.0357
749.243	-0.0011
749.649	-0.0196
750.056	-0.0338
750.462	-0.0247
750.868	-0.0225
751.274	-0.0389
751.680	-0.0194
752.087	-0.0618
752.493	-0.0583
752.899	-0.0324
753.306	-0.0510
753.712	-0.0327
754.119	-0.0384
754.525	-0.0691
754.932	-0.0194
755.338	-0.0071
755.744	-0.0319
756.151	-0.0126
756.558	-0.0041
756.964	-0.0397
757.371	0.0021
757.778	-0.0281
758.184	-0.0392
758.591	-0.0161
758.998	-0.0111
759.405	-0.0288
759.811	-0.0116
760.218	-0.0249
760.625	-0.0573
761.032	-0.0265
761.439	-0.0171
761.846	-0.0192
762.253	-0.0340
762.660	-0.0081
763.067	-0.0141
763.474	-0.0403
763.881	-0.0201
764.289	-0.0250
764.696	-0.0179
765.103	0.0000
765.510	-0.0299
765.917	-0.0196
766.325	-0.0230
766.732	-0.0345
767.139	0.0213
767.547	-0.0042
767.954	-0.0124
768.362	-0.0326
768.769	0.0010
769.177	0.0229
769.584	0.0022
769.992	-0.0175
770.399	-0.0054
770.807	-0.0206
771.215	-0.0556
771.622	-0.0131
772.030	-0.0500
772.438	-0.0138
772.845	-0.0309
773.253	-0.0186
773.661	-0.0071
774.069	0.0235
774.477	-0.0213
774.885	0.0363
775.293	-0.0152
775.701	0.0075
776.109	-0.0258
776.517	-0.0024
776.925	0.0000
777.333	-0.0595
777.741	-0.0590
778.149	-0.0241
778.557	-0.0162
778.965	-0.0037
779.374	-0.0427
779.782	-0.0163
780.190	-0.0333
780.599	-0.0335
781.007	-0.0047
781.415	-0.0164
781.824	-0.0162
782.232	-0.0272
782.641	-0.0262
783.049	-0.0440
783.458	-0.0220
783.866	-0.0689
784.275	-0.0570
784.684	-0.0207
785.092	-0.0184
785.501	0.0024
785.910	0.0238
786.318	-0.0124
786.727	-0.0258
787.136	-0.0330
787.545	-0.0296
787.954	-0.0279
788.363	-0.0120
788.772	-0.0241
789.181	-0.0322
789.590	-0.0272
789.999	-0.0351
790.408	-0.0362
790.817	-0.0331
791.226	-0.0732
791.635	-0.0013
792.044	-0.0661
792.454	-0.0198
792.863	-0.0162
793.272	-0.0185
793.681	-0.0426
794.091	-0.0419
794.500	-0.0613
794.910	-0.0508
795.319	-0.0534
795.728	-0.0458
796.138	-0.0387
796.547	-0.0323
796.957	-0.0365
797.367	-0.0341
797.776	-0.0576
798.186	-0.0541
798.596	-0.0435
799.005	-0.0083
799.415	-0.0281
799.825	-0.0194
800.235	-0.0224
800.644	-0.0074
801.054	0.0000
801.464	-0.0205
801.874	-0.0118
802.284	-0.0665
802.694	0.0109
803.104	0.0062
803.514	-0.0328
803.924	-0.0676
804.334	0.0000
804.745	-0.0235
805.155	-0.0191
805.565	0.0233
805.975	0.0260
806.386	-0.0144
806.796	-0.0108
807.206	0.0108
807.617	0.0000
808.027	0.0418
808.438	0.0315
808.848	0.0241
809.258	-0.0080
809.669	0.0171
810.080	-0.0047
810.490	-0.0413
810.901	-0.0374
811.312	-0.0215
811.722	-0.0469
812.133	-0.0385
812.544	-0.0695
812.954	0.0456
813.365	-0.0669
813.776	-0.0206
814.187	0.0091
814.598	-0.0396
815.009	-0.0339
815.420	-0.0443
815.831	-0.0928
816.242	-0.0521
816.653	-0.0538
817.064	-0.0328
817.475	-0.0487
817.887	-0.0426
818.298	-0.0739
818.709	-0.0546
819.120	-0.0593
819.532	-0.0222
819.943	0.0034
820.354	-0.0126
820.766	-0.0123
821.177	-0.0166
821.589	-0.0109
822.000	-0.0275
822.412	-0.0016
822.823	-0.0108
823.235	-0.0510
823.647	-0.0328
824.058	-0.0335
824.470	-0.0471
824.882	0.0015
825.293	-0.0233
825.705	-0.0251
826.117	-0.0338
826.529	-0.0476
826.941	-0.0540
827.353	-0.0351
827.765	-0.0780
828.177	-0.0307
828.589	-0.0655
829.001	-0.0582
829.413	-0.0474
829.825	-0.0451
830.237	-0.0188
830.649	-0.0307
831.062	-0.0034
831.474	0.0085
831.886	-0.0267
832.299	-0.0515
832.711	-0.0233
833.123	-0.0359
833.536	-0.0180
833.948	-0.0017
834.361	-0.0152
834.773	0.0000
835.186	-0.0155
835.599	-0.0363
836.011	-0.0364
836.424	-0.0592
836.837	-0.0345
837.249	-0.0090
837.662	-0.0142
838.075	-0.0402
838.488	-0.0334
838.901	0.0206
839.313	-0.0429
839.726	-0.0573
840.139	-0.0480
840.552	-0.0288
840.965	-0.0250
841.378	-0.0485
841.792	-0.0669
842.205	-0.0361
842.618	-0.0632
843.031	-0.0186
843.444	0.0018
843.858	-0.0132
844.271	-0.0142
844.684	-0.0570
845.098	-0.0179
845.511	-0.0650
845.924	-0.0244
846.338	-0.0565
846.752	-0.0215
847.165	-0.0300
847.579	-0.0426
847.992	-0.0316
848.406	-0.0255
848.820	-0.0414
849.233	-0.0562
849.647	-0.0325
850.061	-0.0944
850.475	-0.0840
850.888	-0.0152
851.302	-0.0281
851.716	-0.0417
852.130	-0.0280
852.544	0.0016
852.958	-0.0346
853.372	-0.0131
853.786	-0.0275
854.201	-0.0395
854.615	-0.0348
855.029	-0.0072
855.443	0.0408
855.858	0.0678
856.272	0.0115
856.686	-0.0316
857.100	-0.0443
857.515	0.0546
857.929	-0.0570
858.344	-0.0134
858.758	-0.0080
859.173	-0.0054
859.588	0.0095
860.002	-0.0095
860.417	0.0220
860.831	0.0194
861.246	-0.0437
861.661	-0.0453
862.076	-0.0193
862.491	-0.0443
862.906	-0.0317
863.320	-0.0541
863.735	-0.0323
864.150	-0.0397
864.565	-0.0505
864.980	0.0242
865.395	-0.0183
865.811	-0.0384
866.226	-0.0803
866.641	-0.0220
867.056	-0.0056
867.471	-0.0199
867.887	-0.0132
868.302	-0.0380
868.717	-0.0770
869.133	-0.0388
869.548	-0.0220
869.964	-0.0056
870.379	0.0167
870.795	-0.0037
871.210	-0.0361
871.626	-0.0058
872.042	-0.0736
872.457	0.0301
872.873	-0.0060
873.289	0.0222
873.704	-0.0095
874.120	-0.0455
874.536	-0.0166
874.952	-0.0217
875.368	-0.0354
875.784	0.0340
876.200	-0.0111
876.616	0.0038
877.032	0.0039
877.448	-0.0195
877.864	0.0236
878.280	-0.0290
878.697	-0.0590
879.113	-0.0057
879.529	-0.0078
879.945	-0.0250
880.362	-0.0286
880.778	-0.0631
881.195	0.0300
881.611	-0.0425
882.028	-0.0043
882.444	0.0193
882.861	0.0631
883.277	-0.0121
883.694	-0.0227
884.111	-0.0850
884.528	-0.0122
884.944	-0.0310
885.361	0.0546
885.778	-0.0139
886.195	0.0359
886.612	0.0178
887.029	0.0383
887.446	0.0497
887.863	0.0474
888.280	0.0155
888.697	0.0572
889.114	0.0691
889.531	0.0173
889.948	0.0273
890.366	0.0150
890.783	0.0361
891.200	-0.0162
891.618	0.0186
892.035	0.0483
892.452	0.0000
892.870	-0.0178
893.287	-0.0256
893.705	-0.0112
894.122	-0.0189
894.540	-0.0227
894.958	0.0057
895.375	0.0000
895.793	-0.0672
896.211	-0.0349
896.629	-0.0351
897.046	-0.0690
897.464	-0.0183
897.882	-0.0583
898.300	-0.0387
898.718	-0.0390
899.136	-0.0124
899.554	-0.0166
899.972	-0.0287
900.390	-0.0627
900.809	-0.0147
901.227	-0.0043
901.645	-0.0708
902.063	0.0125
902.482	-0.0315
902.900	-0.0110
903.318	-0.0565
903.737	-0.0536
904.155	0.0063
904.574	-0.0142
904.992	-0.0263
905.411	0.0091
905.829	-0.0088
906.248	-0.0209
906.667	-0.0111
907.086	-0.0133
907.504	-0.0772
907.923	-0.0173
908.342	-0.0389
908.761	-0.0069
909.180	-0.0189
909.599	-0.0580
910.018	-0.0414
910.437	-0.0430
910.856	-0.0837
911.275	-0.0045
911.694	-0.0376
912.113	-0.0840
912.532	-0.0792
912.952	-0.0494
913.371	-0.0586
913.790	-0.0046
914.210	-0.0232
914.629	-0.0609
915.049	-0.0626
915.468	-0.0561
915.888	-0.0691
916.307	-0.0994
916.727	-0.0949
917.146	-0.0634
917.566	-0.0918
917.986	-0.0649
918.406	-0.0068
918.825	-0.0204
919.245	-0.0440
919.665	-0.0638
920.085	-0.0462
920.505	-0.0196
920.925	-0.0864
921.345	-0.0589
921.765	0.0050
922.185	-0.0488
922.605	0.0127
923.026	-0.0182
923.446	-0.0258
923.866	-0.0390
924.286	-0.0301
924.707	-0.0143
925.127	-0.0692
925.547	-0.0792
925.968	-0.0952
926.388	-0.0499
926.809	-0.0329
927.229	-0.0563
927.650	-0.0105
928.071	-0.0075
928.491	-0.0339
928.912	0.0316
929.333	0.0395
929.754	-0.0082
930.175	-0.0382
930.595	-0.0508
931.016	-0.0480
931.437	-0.0025
931.858	-0.0052
932.279	-0.0404
932.700	-0.0132
933.122	-0.0547
933.543	-0.0296
933.964	-0.0313
934.385	-0.0728
934.806	-0.0282
935.228	-0.0525
935.649	-0.0199
936.070	0.0094
936.492	-0.0704
936.913	-0.0209
937.335	-0.0291
937.756	-0.0381
938.178	0.0135
938.600	-0.0226
939.021	0.0310
939.443	0.0179
939.865	-0.0233
940.286	-0.0353
940.708	0.0212
941.130	-0.0072
941.552	0.0531
941.974	-0.0524
942.396	0.0107
942.818	0.0200
943.240	0.0038
943.662	-0.0041
944.084	0.0410
944.507	-0.0159
944.929	0.0283
945.351	0.0585
945.773	0.0121
946.196	0.0117
946.618	-0.1013
947.041	-0.0325
947.463	-0.0706
947.886	0.0421
948.308	-0.0627
948.731	-0.0732
949.153	-0.0913
949.576	-0.0676
949.999	-0.1249
950.421	-0.0339
950.844	-0.0580
951.267	-0.0254
951.690	-0.0751
952.113	-0.0474
952.536	-0.0828
952.959	0.0197
953.382	-0.0109
953.805	-0.0076
954.228	0.0193
954.651	-0.0353
955.074	-0.0812
955.498	-0.0158
955.921	-0.0778
956.344	-0.0034
956.768	-0.0268
957.191	-0.0257
957.614	0.0112
958.038	0.0732
958.461	-0.0099
958.885	0.0163
959.309	-0.0210
959.732	-0.0035
960.156	0.0169
960.580	-0.0169
961.003	0.0322
961.427	-0.0209
961.851	-0.0702
962.275	-0.0734
962.699	0.0035
963.123	0.0137
963.547	-0.0499
963.971	-0.0173
964.395	-0.0100
964.819	-0.0494
965.243	-0.0190
965.668	0.0180
966.092	-0.0830
966.516	0.0030
966.940	-0.0461
967.365	-0.0066
967.789	-0.0100
968.214	-0.0519
968.638	-0.0689
969.063	-0.0257
969.487	-0.0319
969.912	-0.0589
970.337	-0.0181
970.761	-0.0369
971.186	0.0496
971.611	-0.0805
972.036	-0.0252
972.461	-0.0179
972.885	-0.0744
973.310	0.0065
973.735	-0.0592
974.161	-0.1021
974.586	-0.1037
975.011	-0.0503
975.436	-0.0097
975.861	-0.0075
976.286	-0.0830
976.712	-0.0283
977.137	0.0036
977.562	-0.0575
977.988	0.0516
