159.571	NaN
159.963	0.4771
160.354	NaN
160.746	NaN
161.137	NaN
161.528	NaN
161.920	0.1383
162.311	0.7533
162.703	NaN
163.094	NaN
163.485	1.3222
163.877	0.3203
164.268	0.2218
164.660	0.4586
165.051	0.3310
165.442	NaN
165.834	NaN
166.225	0.3979
166.616	¡Þ
167.007	0.5699
167.399	0.3882
167.790	¡Þ
168.181	1.1614
168.573	0.6734
168.964	0.9165
169.355	1.3979
169.746	NaN
170.138	0.3332
170.529	0.6880
170.920	¡Þ
171.311	0.7270
171.702	NaN
172.094	1.0792
172.485	0.8195
172.876	1.3424
173.267	NaN
173.658	0.9445
174.050	NaN
174.441	0.6690
174.832	1.6335
175.223	NaN
175.614	0.6842
176.005	0.8361
176.396	1.0512
176.787	1.1303
177.179	NaN
177.570	¡Þ
177.961	0.9031
178.352	¡Þ
178.743	0.8822
179.134	NaN
179.525	0.7510
179.916	1.2601
180.307	1.4771
180.698	1.0700
181.089	1.0832
181.480	NaN
181.871	NaN
182.262	NaN
182.653	1.4102
183.044	1.7118
183.435	¡Þ
183.826	1.5170
184.217	NaN
184.608	NaN
184.999	1.4995
185.390	NaN
185.781	2.3579
186.172	2.0746
186.563	NaN
186.954	¡Þ
187.345	1.6782
187.736	NaN
188.126	NaN
188.517	2.8129
188.908	2.3921
189.299	1.8854
189.690	2.0905
190.081	1.9004
190.472	2.6263
190.862	2.3294
191.253	2.1842
191.644	NaN
192.035	2.0710
192.426	1.7395
192.817	2.4053
193.207	NaN
193.598	NaN
193.989	NaN
194.380	2.7451
194.771	NaN
195.161	NaN
195.552	NaN
195.943	NaN
196.334	2.3795
196.724	NaN
197.115	2.7993
197.506	2.6372
197.897	2.6226
198.287	NaN
198.678	2.3551
199.069	NaN
199.459	2.5343
199.850	NaN
200.241	¡Þ
200.632	2.1529
201.022	2.3044
201.413	2.0244
201.804	NaN
202.194	NaN
202.585	2.4794
202.976	2.5614
203.366	2.7059
203.757	2.3880
204.147	2.8756
204.538	NaN
204.929	¡Þ
205.319	2.4958
205.710	2.3396
206.101	2.7132
206.491	2.1998
206.882	NaN
207.272	NaN
207.663	¡Þ
208.053	3.1984
208.444	2.1931
208.835	NaN
209.225	2.5097
209.616	NaN
210.006	NaN
210.397	2.3040
210.787	NaN
211.178	NaN
211.568	NaN
211.959	¡Þ
212.349	2.2923
212.740	NaN
213.130	NaN
213.521	2.9047
213.911	2.7226
214.302	2.2997
214.692	3.2011
215.083	2.2095
215.473	2.9047
215.864	3.2049
216.254	NaN
216.645	2.5982
217.035	2.2466
217.426	2.1217
217.816	NaN
218.206	NaN
218.597	2.3519
218.987	2.2986
219.378	NaN
219.768	2.7313
220.159	2.9104
220.549	2.1301
220.939	3.1981
221.330	NaN
221.720	2.5988
222.111	2.3051
222.501	NaN
222.891	2.7297
223.282	NaN
223.672	2.7265
224.062	2.9090
224.453	NaN
224.843	2.3178
225.233	2.7412
225.624	2.5305
226.014	2.3209
226.404	2.9085
226.795	NaN
227.185	¡Þ
227.575	NaN
227.966	2.1443
228.356	NaN
228.746	2.3856
229.137	2.5151
229.527	NaN
229.917	2.1974
230.308	2.5328
230.698	2.6312
231.088	2.0121
231.478	2.7706
231.869	2.3919
232.259	2.7574
232.649	2.7505
233.040	2.1018
233.430	2.5361
233.820	2.7543
234.210	2.2435
234.601	NaN
234.991	3.2443
235.381	NaN
235.771	NaN
236.161	2.4031
236.552	¡Þ
236.942	2.6392
237.332	NaN
237.722	NaN
238.113	2.7694
238.503	NaN
238.893	2.7672
239.283	2.1123
239.673	NaN
240.064	2.2413
240.454	2.7713
240.844	NaN
241.234	2.6549
241.624	2.5522
242.014	2.2470
242.405	2.1433
242.795	NaN
243.185	NaN
243.575	2.2572
243.965	¡Þ
244.355	2.5589
244.746	NaN
245.136	2.5609
245.526	2.2112
245.916	NaN
246.306	2.5451
246.696	2.5470
247.086	NaN
247.477	2.0236
247.867	2.7743
248.257	2.7765
248.647	2.0823
249.037	NaN
249.427	2.2182
249.817	NaN
250.207	2.6479
250.598	2.1681
250.988	NaN
251.378	2.9535
251.768	2.6407
252.158	NaN
252.548	2.2577
252.938	¡Þ
253.328	2.6437
253.718	2.2981
254.108	NaN
254.498	2.3989
254.888	3.2524
255.279	¡Þ
255.669	2.0789
256.059	2.5475
256.449	¡Þ
256.839	3.2538
257.229	2.7689
257.619	2.4609
258.009	2.4614
258.399	2.9410
258.789	NaN
259.179	NaN
259.569	NaN
259.959	NaN
260.349	NaN
260.739	2.1834
261.129	NaN
261.519	2.4495
261.909	2.3866
262.299	NaN
262.689	NaN
263.079	3.2201
263.469	NaN
263.859	2.6180
264.249	NaN
264.639	2.9101
265.029	1.9374
265.419	NaN
265.810	2.2162
266.199	NaN
266.589	2.7308
266.979	2.1998
267.369	2.9004
267.759	2.3054
268.149	¡Þ
268.539	NaN
268.929	2.3582
269.319	NaN
269.709	2.4958
270.099	2.5113
270.489	¡Þ
270.879	2.4216
271.269	NaN
271.659	2.4158
272.049	2.2430
272.439	NaN
272.829	2.2452
273.219	NaN
273.609	2.5032
273.999	2.4955
274.389	¡Þ
274.779	2.5947
275.169	2.8993
275.559	2.7185
275.949	2.1984
276.339	3.1970
276.729	3.1915
277.119	2.1611
277.509	NaN
277.899	1.9412
278.289	2.2425
278.679	NaN
279.069	2.3568
279.459	2.8907
279.849	2.4936
280.238	3.1937
280.628	2.0512
281.018	2.0126
281.408	2.2419
281.798	2.5874
282.188	2.4908
282.578	¡Þ
282.968	2.4186
283.358	2.8811
283.748	¡Þ
284.138	2.1156
284.528	2.7319
284.918	2.2909
285.308	2.5049
285.698	¡Þ
286.088	2.0929
286.478	NaN
286.867	NaN
287.257	2.4939
287.647	NaN
288.037	2.2049
288.427	2.0476
288.817	2.0280
289.207	1.8854
289.597	2.0159
289.987	1.8963
290.377	2.1279
290.767	2.1503
291.157	1.9076
291.547	1.9012
291.937	1.9057
292.327	1.6470
292.716	1.7501
293.106	1.6091
293.496	1.5845
293.886	1.7048
294.276	1.5973
294.666	1.5836
295.056	1.6930
295.446	1.5082
295.836	1.6721
296.226	1.5597
296.616	1.3808
297.006	1.4494
297.396	1.3082
297.785	1.3885
298.175	1.3598
298.565	1.2435
298.955	1.3222
299.345	1.2840
299.735	1.2035
300.125	1.2235
300.515	1.1381
300.905	1.1005
301.295	1.1974
301.685	1.0702
302.075	1.1315
302.465	1.0848
302.854	1.0202
303.244	0.9961
303.634	0.9881
304.024	0.9539
304.414	0.9470
304.804	0.9317
305.194	0.9156
305.584	0.8908
305.974	0.8500
306.364	0.8895
306.754	0.8577
307.144	0.8511
307.534	0.8075
307.924	0.7898
308.314	0.7946
308.703	0.7669
309.093	0.7550
309.483	0.7360
309.873	0.7265
310.263	0.6935
310.653	0.6818
311.043	0.6983
311.433	0.6735
311.823	0.6638
312.213	0.6495
312.603	0.6398
312.993	0.6285
313.383	0.6318
313.773	0.5827
314.163	0.5756
314.553	0.5918
314.943	0.5608
315.332	0.5507
315.722	0.5469
316.112	0.5339
316.502	0.5309
316.892	0.5048
317.282	0.5065
317.672	0.5389
318.062	0.4957
318.452	0.4954
318.842	0.4634
319.232	0.4655
319.622	0.4638
320.012	0.4591
320.402	0.4440
320.792	0.4518
321.182	0.4545
321.572	0.4317
321.962	0.4059
322.352	0.4377
322.742	0.4009
323.132	0.4049
323.522	0.4072
323.912	0.4001
324.302	0.3700
324.692	0.3732
325.082	0.3581
325.472	0.3536
325.862	0.3457
326.252	0.3568
326.642	0.3511
327.032	0.3373
327.422	0.3268
327.812	0.3269
328.202	0.3103
328.592	0.3134
328.982	0.3057
329.372	0.3207
329.762	0.2926
330.152	0.2803
330.542	0.2709
330.932	0.2944
331.322	0.2798
331.712	0.2696
332.102	0.2524
332.492	0.2824
332.882	0.2796
333.272	0.2363
333.662	0.2550
334.052	0.2500
334.442	0.2545
334.832	0.2654
335.222	0.2325
335.612	0.2298
336.002	0.2327
336.392	0.2360
336.782	0.2081
337.172	0.2171
337.562	0.2285
337.952	0.2274
338.342	0.2212
338.733	0.2199
339.123	0.1940
339.513	0.2122
339.903	0.2124
340.293	0.2035
340.683	0.2142
341.073	0.1981
341.463	0.2034
341.853	0.2149
342.243	0.2216
342.633	0.2016
343.023	0.2469
343.413	0.2123
343.804	0.0489
344.194	-0.0352
344.584	0.1059
344.974	0.2480
345.364	0.2166
345.754	0.1625
346.144	0.1764
346.534	0.1508
346.924	0.1257
347.315	0.1460
347.705	0.1418
348.095	0.2223
348.485	0.1995
348.875	0.1209
349.265	-0.0315
349.655	0.0993
350.046	0.2011
350.436	0.1594
350.826	0.1285
351.216	0.1155
351.606	0.1460
351.996	0.1304
352.387	0.1243
352.777	0.0889
353.167	0.1139
353.557	0.0860
353.947	0.1126
354.337	0.1269
354.728	0.1049
355.118	0.1118
355.508	0.0825
355.898	0.0803
356.288	0.0984
356.679	0.0902
357.069	0.0986
357.459	0.0828
357.849	0.0971
358.240	0.0693
358.630	0.0908
359.020	0.0559
359.410	0.0882
359.801	0.0768
360.191	0.0879
360.581	0.0756
360.971	0.0723
361.362	0.0793
361.752	0.1082
362.142	0.0421
362.532	0.0765
362.923	0.0589
363.313	0.0522
363.703	0.0595
364.093	0.0352
364.484	0.0408
364.874	0.0690
365.264	0.0539
365.655	0.0707
366.045	0.0450
366.435	0.0338
366.826	0.0535
367.216	0.0414
367.606	0.0553
367.996	0.0706
368.387	0.0471
368.777	0.0478
369.168	0.0037
369.558	0.0440
369.948	0.0458
370.339	0.0479
370.729	0.0215
371.119	0.0266
371.510	0.0394
371.900	0.0631
372.290	0.0383
372.681	0.0426
373.071	0.0259
373.462	0.0129
373.852	0.0352
374.242	0.0105
374.633	0.0019
375.023	-0.0009
375.414	0.0202
375.804	0.0083
376.195	0.0247
376.585	0.0146
376.975	0.0245
377.366	0.0125
377.756	-0.0054
378.147	0.0111
378.537	-0.0054
378.928	0.0261
379.318	0.0325
379.709	0.0182
380.099	0.0329
380.490	-0.0036
380.880	-0.0017
381.271	-0.0036
381.661	0.0091
382.052	0.0009
382.442	-0.0090
382.833	-0.0175
383.223	0.0313
383.614	-0.0028
384.004	-0.0120
384.395	-0.0104
384.785	-0.0073
385.176	0.0404
385.566	0.0242
385.957	0.0315
386.347	0.0397
386.738	0.0038
387.129	0.0121
387.519	-0.0027
387.910	-0.0046
388.300	0.0000
388.691	0.0095
389.082	0.0234
389.472	-0.0094
389.863	0.0037
390.253	-0.0083
390.644	-0.0037
391.035	0.0083
391.425	0.0090
391.816	-0.0056
392.207	-0.0115
392.597	-0.0120
392.988	-0.0200
393.379	-0.0158
393.769	0.0075
394.160	-0.0180
394.551	-0.0175
394.941	-0.0174
395.332	-0.0009
395.723	-0.0083
396.114	-0.0297
396.504	0.0000
396.895	-0.0288
397.286	-0.0214
397.676	-0.0251
398.067	-0.0175
398.458	-0.0075
398.849	-0.0093
399.240	-0.0157
399.630	-0.0150
400.021	-0.0255
400.412	-0.0211
400.803	-0.0097
401.193	0.0077
401.584	-0.0220
401.975	-0.0370
402.366	-0.0142
402.757	-0.0545
403.148	-0.0389
403.538	-0.0038
403.929	-0.0258
404.320	-0.0275
404.711	-0.0175
405.102	-0.0305
405.493	0.0096
405.884	-0.0343
406.274	-0.0040
406.665	-0.0093
407.056	-0.0233
407.447	-0.0309
407.838	-0.0151
408.229	-0.0141
408.620	-0.0360
409.011	-0.0257
409.402	-0.0282
409.793	-0.0224
410.184	-0.0200
410.575	-0.0084
410.966	-0.0402
411.357	-0.0216
411.748	-0.0040
412.139	-0.0203
412.530	-0.0387
412.921	-0.0061
413.312	-0.0496
413.703	0.0000
414.094	-0.0061
414.485	-0.0337
414.876	-0.0103
415.267	-0.0281
415.658	-0.0159
416.049	-0.0382
416.440	-0.0455
416.831	-0.0297
417.222	-0.0400
417.613	-0.0400
418.004	-0.0446
418.395	-0.0346
418.787	-0.0428
419.178	-0.0082
419.569	-0.0438
419.960	-0.0226
420.351	-0.0308
420.742	-0.0368
421.133	-0.0098
421.525	-0.0307
421.916	-0.0217
422.307	-0.0282
422.698	-0.0294
423.089	-0.0355
423.481	-0.0346
423.872	0.0136
424.263	-0.0311
424.654	-0.0386
425.046	-0.0327
425.437	-0.0225
425.828	0.0167
426.219	-0.0458
426.611	-0.0285
427.002	-0.0021
427.393	-0.0421
427.785	-0.0346
428.176	-0.0288
428.567	-0.0519
428.958	-0.0170
429.350	-0.0478
429.741	-0.0010
430.133	-0.0414
430.524	-0.0283
430.915	-0.0272
431.307	-0.0345
431.698	-0.0451
432.089	-0.0354
432.481	-0.0309
432.872	-0.0165
433.264	-0.0139
433.655	-0.0609
434.047	0.0010
434.438	-0.0190
434.829	-0.0745
435.221	-0.0261
435.612	-0.0299
436.004	-0.0462
436.395	-0.0195
436.787	-0.0334
437.178	-0.0498
437.570	-0.0453
437.961	-0.0491
438.353	-0.0256
438.744	-0.0478
439.136	-0.0403
439.528	-0.0419
439.919	-0.0260
440.311	-0.0117
440.702	-0.0039
441.094	-0.0233
441.486	-0.0257
441.877	-0.0258
442.269	-0.0280
442.660	-0.0295
443.052	-0.0325
443.444	-0.0235
443.835	-0.0265
444.227	-0.0491
444.619	-0.0050
445.010	-0.0010
445.402	-0.0379
445.794	-0.0503
446.186	0.0039
446.577	-0.0531
446.969	-0.0089
447.361	-0.0295
447.753	-0.0259
448.144	-0.0093
448.536	-0.0128
448.928	-0.0137
449.320	-0.0252
449.711	-0.0276
450.103	-0.0259
450.495	-0.0234
450.887	-0.0197
451.279	-0.0224
451.671	-0.0054
452.062	-0.0158
452.454	0.0169
452.846	-0.0260
453.238	-0.0399
453.630	-0.0567
454.022	-0.0342
454.414	-0.0287
454.806	0.0100
455.198	-0.0402
455.590	-0.0533
455.982	-0.0462
456.374	-0.0634
456.766	-0.0076
457.158	-0.0199
457.550	-0.0159
457.942	-0.0168
458.334	-0.0325
458.726	-0.0384
459.118	-0.0301
459.510	-0.0509
459.902	-0.0355
460.294	-0.0440
460.686	0.0037
461.078	-0.0458
461.470	-0.0271
461.862	-0.0192
462.254	-0.0045
462.647	-0.0223
463.039	-0.0247
463.431	-0.0502
463.823	-0.0349
464.215	-0.0372
464.607	-0.0159
465.000	-0.0263
465.392	-0.0199
465.784	-0.0599
466.176	-0.0154
466.569	-0.0317
466.961	-0.0541
467.353	-0.0529
467.745	-0.0366
468.138	-0.0458
468.530	-0.0286
468.922	-0.0265
469.315	-0.0141
469.707	-0.0727
470.099	-0.0545
470.492	-0.0236
470.884	-0.0345
471.276	-0.0256
471.669	-0.0291
472.061	-0.0485
472.453	-0.0051
472.846	-0.0246
473.238	-0.0275
473.631	0.0000
474.023	-0.0092
474.416	-0.0282
474.808	-0.0476
475.201	-0.0217
475.593	-0.0139
475.986	-0.0621
476.378	-0.0143
476.771	-0.0211
477.163	-0.0673
477.556	-0.0419
477.948	-0.0672
478.341	-0.0240
478.733	-0.0130
479.126	-0.0179
479.519	-0.0110
479.911	-0.0319
480.304	-0.0201
480.697	-0.0091
481.089	-0.0320
481.482	-0.0157
481.875	-0.0480
482.267	-0.0279
482.660	-0.0403
483.053	-0.0665
483.445	-0.0519
483.838	-0.0306
484.231	-0.0319
484.624	-0.0277
485.016	-0.0076
485.409	-0.0009
485.802	-0.0040
486.195	-0.0034
486.588	-0.0213
486.980	-0.0258
487.373	-0.0515
487.766	0.0000
488.159	-0.0494
488.552	-0.0623
488.945	-0.0606
489.338	-0.0663
489.731	-0.0087
490.124	-0.0232
490.517	-0.0194
490.909	-0.0201
491.302	-0.0069
491.695	-0.0143
492.088	-0.0127
492.481	-0.0410
492.874	-0.0135
493.267	-0.0450
493.661	-0.0168
494.054	-0.0192
494.447	-0.0402
494.840	-0.0545
495.233	0.0147
495.626	-0.0327
496.019	0.0042
496.412	0.0099
496.805	-0.0195
497.198	0.0096
497.592	-0.0205
497.985	0.0188
498.378	-0.0390
498.771	-0.0251
499.164	-0.0043
499.558	0.0177
499.951	-0.0056
500.344	-0.0530
500.737	-0.0256
501.131	-0.0485
501.524	-0.0152
501.917	-0.0027
502.311	-0.0360
502.704	-0.0344
503.097	-0.0305
503.491	-0.0448
503.884	0.0130
504.277	-0.0315
504.671	-0.0698
505.064	-0.0254
505.458	-0.0281
505.851	-0.0382
506.245	-0.0262
506.638	-0.0284
507.031	-0.0503
507.425	0.0121
507.818	-0.0128
508.212	0.0030
508.605	-0.0232
508.999	-0.0236
509.393	0.0030
509.786	-0.0497
510.180	0.0206
510.573	-0.0256
510.967	-0.0116
511.361	-0.0211
511.754	-0.0290
512.148	-0.0243
512.542	0.0369
512.935	-0.0056
513.329	0.0372
513.723	-0.0298
514.116	0.0157
514.510	-0.0015
514.904	-0.0316
515.298	0.0118
515.691	-0.0015
516.085	-0.0163
516.479	-0.0397
516.873	-0.0101
517.267	-0.0147
517.660	-0.0444
518.054	-0.0145
518.448	-0.0249
518.842	-0.0031
519.236	0.0406
519.630	-0.0044
520.024	-0.0358
520.418	-0.0274
520.812	-0.0061
521.206	-0.0224
521.600	-0.0046
521.994	0.0029
522.388	-0.0410
522.782	-0.0375
523.176	-0.0311
523.570	0.0362
523.964	-0.0106
524.358	-0.0698
524.752	-0.0210
525.146	-0.0515
525.540	-0.0447
525.934	-0.0044
526.329	-0.0057
526.723	0.0015
527.117	-0.0044
527.511	-0.0342
527.905	-0.0281
528.300	-0.0302
528.694	-0.0299
529.088	-0.0030
529.482	-0.0124
529.877	-0.0443
530.271	-0.0440
530.665	-0.0335
531.060	-0.0028
531.454	-0.0399
531.848	-0.0265
532.243	-0.0263
532.637	0.0055
533.031	-0.0447
533.426	-0.0419
533.820	-0.0030
534.215	0.0308
534.609	-0.0105
535.004	-0.0103
535.398	0.0074
535.793	0.0196
536.187	-0.0187
536.582	-0.0223
536.976	-0.0215
537.371	0.0096
537.766	-0.0100
538.160	-0.0237
538.555	-0.0302
538.949	-0.0013
539.344	-0.0171
539.739	-0.0167
540.133	-0.0270
540.528	-0.0141
540.923	-0.0295
541.317	-0.0108
541.712	-0.0324
542.107	-0.0246
542.502	-0.0267
542.897	-0.0647
543.291	-0.0342
543.686	-0.0242
544.081	-0.0200
544.476	0.0027
544.871	-0.0251
545.266	-0.0262
545.661	-0.0200
546.055	-0.0231
546.450	-0.0302
546.845	0.0097
547.240	-0.0349
547.635	0.0147
548.030	0.0000
548.425	-0.0209
548.820	0.0099
549.215	-0.0396
549.610	0.0055
550.005	-0.0169
550.400	-0.0425
550.796	-0.0247
551.191	0.0041
551.586	-0.0157
551.981	-0.0165
552.376	-0.0413
552.771	-0.0380
553.166	-0.0311
553.562	-0.0536
553.957	-0.0082
554.352	-0.0392
554.747	0.0317
555.143	-0.0204
555.538	-0.0176
555.933	-0.0309
556.329	-0.0447
556.724	-0.0083
557.119	-0.0281
557.515	-0.0443
557.910	-0.0155
558.306	-0.0439
558.701	-0.0405
559.096	-0.0521
559.492	-0.0395
559.887	-0.0148
560.283	-0.0230
560.678	-0.0198
561.074	-0.0361
561.469	-0.0283
561.865	-0.0025
562.260	-0.0296
562.656	-0.0169
563.052	-0.0104
563.447	-0.0233
563.843	-0.0504
564.239	-0.0207
564.634	-0.0580
565.030	0.0000
565.426	-0.0164
565.821	-0.0493
566.217	-0.0629
566.613	-0.0248
567.009	-0.0528
567.405	-0.0417
567.800	-0.0337
568.196	-0.0313
568.592	-0.0304
568.988	-0.0561
569.384	-0.0152
569.780	-0.0511
570.176	-0.0319
570.572	-0.0413
570.967	-0.0199
571.363	-0.0537
571.759	-0.0451
572.155	-0.0360
572.551	-0.0697
572.948	-0.0455
573.344	-0.0262
573.740	-0.0223
574.136	-0.0445
574.532	-0.0246
574.928	-0.0256
575.324	-0.0337
575.720	-0.0378
576.116	-0.0178
576.513	-0.0030
576.909	-0.0097
577.305	-0.0263
577.701	-0.0150
578.098	-0.0272
578.494	-0.0277
578.890	-0.0344
579.286	-0.0498
579.683	-0.0166
580.079	-0.0270
580.475	-0.0167
580.872	-0.0122
581.268	-0.0321
581.665	-0.0208
582.061	-0.0443
582.458	-0.0400
582.854	-0.0298
583.251	-0.0459
583.647	-0.0511
584.044	-0.0218
584.440	-0.0174
584.837	-0.0058
585.233	-0.0192
585.630	-0.0209
586.027	-0.0317
586.423	-0.0167
586.820	-0.0157
587.217	0.0117
587.613	-0.0321
588.010	-0.0374
588.407	-0.0381
588.804	-0.0345
589.200	-0.0269
589.597	-0.0217
589.994	-0.0427
590.391	-0.0296
590.788	-0.0329
591.184	-0.0445
591.581	-0.0290
591.978	-0.0154
592.375	-0.0036
592.772	-0.0354
593.169	-0.0356
593.566	-0.0352
593.963	-0.0263
594.360	0.0178
594.757	0.0048
595.154	-0.0245
595.551	-0.0305
595.948	-0.0529
596.345	-0.0228
596.742	-0.0465
597.140	-0.0008
597.537	-0.0153
597.934	-0.0478
598.331	-0.0254
598.728	-0.0289
599.125	-0.0250
599.523	-0.0361
599.920	-0.0240
600.317	-0.0223
600.715	-0.0544
601.112	-0.0361
601.509	-0.0223
601.907	-0.0148
602.304	-0.0268
602.702	-0.0541
603.099	-0.0210
603.496	-0.0250
603.894	-0.0372
604.291	-0.0125
604.689	-0.0525
605.086	-0.0266
605.484	-0.0357
605.882	-0.0153
606.279	-0.0242
606.677	-0.0454
607.074	-0.0284
607.472	-0.0360
607.870	-0.0283
608.267	-0.0223
608.665	-0.0431
609.063	-0.0171
609.461	-0.0341
609.858	-0.0319
610.256	-0.0077
610.654	-0.0074
611.052	-0.0266
611.449	-0.0379
611.847	-0.0107
612.245	-0.0230
612.643	-0.0324
613.041	0.0127
613.439	-0.0025
613.837	0.0087
614.235	-0.0025
614.633	-0.0160
615.031	-0.0456
615.429	-0.0377
615.827	-0.0634
616.225	-0.0324
616.623	0.0201
617.021	0.0448
617.419	0.0730
617.818	0.1025
618.216	0.0385
618.614	-0.0605
619.012	-0.1116
619.410	-0.0488
619.809	-0.0458
620.207	-0.0576
620.605	-0.0774
621.004	-0.0522
621.402	-0.0905
621.800	0.0186
622.199	0.0824
622.597	-0.0649
622.996	-0.1868
623.394	-0.1400
623.792	-0.0669
624.191	0.0028
624.589	0.0050
624.988	0.0066
625.387	-0.0419
625.785	-0.0714
626.184	-0.0370
626.582	-0.0376
626.981	-0.0041
627.380	-0.0140
627.778	-0.0252
628.177	-0.0349
628.576	-0.0204
628.974	-0.0468
629.373	-0.0226
629.772	-0.0240
630.171	-0.0042
630.570	-0.0351
630.968	-0.0144
631.367	-0.0050
631.766	-0.0030
632.165	-0.0215
632.564	-0.0269
632.963	-0.0383
633.362	-0.0011
633.761	-0.0091
634.160	-0.0193
634.559	0.0132
634.958	-0.0377
635.357	-0.0121
635.756	-0.0138
636.155	-0.0256
636.554	-0.0407
636.954	-0.0223
637.353	-0.0165
637.752	-0.0235
638.151	-0.0239
638.550	-0.0311
638.950	-0.0230
639.349	-0.0352
639.748	0.0049
640.148	0.0024
640.547	-0.0289
640.946	-0.0200
641.346	-0.0283
641.745	-0.0098
642.145	-0.0716
642.544	-0.0414
642.943	-0.0192
643.343	-0.0476
643.742	-0.0300
644.142	-0.0257
644.542	-0.0385
644.941	0.0082
645.341	-0.0191
645.740	-0.0272
646.140	-0.0116
646.540	0.0067
646.940	-0.0181
647.339	-0.0229
647.739	-0.0280
648.139	0.0087
648.539	0.0000
648.938	0.0229
649.338	-0.0252
649.738	0.0150
650.138	-0.0059
650.538	-0.0103
650.938	-0.0249
651.338	-0.0187
651.738	-0.0495
652.138	-0.0944
652.538	-0.1135
652.938	-0.1075
653.338	-0.0975
653.738	-0.0545
654.138	-0.0416
654.538	-0.0073
654.938	0.0160
655.338	0.0362
655.739	0.0637
656.139	0.0680
656.539	0.0260
656.939	0.0068
657.339	0.0024
657.740	0.0088
658.140	-0.0219
658.540	-0.0340
658.941	-0.0541
659.341	-0.0421
659.742	-0.0486
660.142	-0.0287
660.542	-0.0107
660.943	-0.0633
661.343	-0.0552
661.744	-0.0135
662.145	-0.0591
662.545	-0.0191
662.946	0.0000
663.346	-0.0077
663.747	0.0024
664.148	-0.0214
664.548	0.0086
664.949	0.0035
665.350	-0.0036
665.751	0.0000
666.151	-0.0258
666.552	-0.0201
666.953	-0.0072
667.354	-0.0266
667.755	-0.0214
668.156	-0.0070
668.557	-0.0211
668.958	-0.0070
669.358	-0.0533
669.759	-0.0682
670.160	-0.0269
670.562	-0.0322
670.963	-0.0228
671.364	-0.0535
671.765	-0.0304
672.166	-0.0250
672.567	-0.0559
672.968	-0.0318
673.369	-0.0334
673.771	-0.0299
674.172	-0.0196
674.573	-0.0559
674.975	0.0083
675.376	-0.0585
675.777	-0.0659
676.179	-0.0258
676.580	-0.0391
676.981	-0.0106
677.383	-0.0354
677.784	0.0066
678.186	-0.0317
678.587	0.0151
678.989	-0.0122
679.390	-0.0230
679.792	-0.0300
680.194	-0.0149
680.595	-0.0330
680.997	-0.0538
681.398	-0.0034
681.800	-0.0344
682.202	-0.0335
682.604	-0.0217
683.006	-0.0281
683.407	-0.0155
683.809	-0.0356
684.211	-0.0429
684.613	-0.0158
685.015	-0.0241
685.417	-0.0238
685.819	-0.0403
686.221	-0.0281
686.623	0.0032
687.025	-0.0240
687.427	-0.0123
687.829	0.0043
688.231	0.0198
688.633	-0.0185
689.035	-0.0106
689.437	-0.0130
689.839	0.0066
690.242	0.0066
690.644	-0.0218
691.046	0.0042
691.448	0.0185
691.851	-0.0197
692.253	-0.0196
692.656	-0.0343
693.058	-0.0249
693.460	-0.0475
693.863	-0.0168
694.265	-0.0235
694.668	-0.0422
695.070	-0.0127
695.473	-0.0031
695.875	-0.0326
696.278	-0.0278
696.681	-0.0474
697.083	-0.0207
697.486	-0.0400
697.889	-0.0446
698.291	-0.0318
698.694	-0.0154
699.097	-0.0154
699.500	-0.0191
699.902	-0.0134
700.305	-0.0123
700.708	-0.0147
701.111	-0.0022
701.514	-0.0123
701.917	-0.0431
702.320	-0.0067
702.723	-0.0341
703.126	-0.0380
703.529	-0.0182
703.932	-0.0394
704.335	-0.0083
704.738	-0.0287
705.141	-0.0104
705.545	-0.0251
705.948	-0.0217
706.351	-0.0136
706.754	-0.0372
707.157	-0.0327
707.561	0.0174
707.964	0.0216
708.367	-0.0023
708.771	-0.0067
709.174	-0.0102
709.578	0.0054
709.981	-0.0212
710.385	-0.0431
710.788	-0.0156
711.192	-0.0375
711.595	-0.0311
711.999	-0.0452
712.402	-0.0671
712.806	-0.0102
713.210	-0.0200
713.613	-0.0723
714.017	0.0180
714.421	0.0035
714.825	0.0231
715.229	0.0022
715.632	-0.0193
716.036	-0.0154
716.440	-0.0046
716.844	-0.0380
717.248	-0.0453
717.652	0.0134
718.056	-0.0260
718.460	0.0101
718.864	-0.0143
719.268	-0.0256
719.672	-0.0068
720.076	-0.0277
720.480	-0.0357
720.884	-0.0332
721.289	-0.0058
721.693	-0.0067
722.097	-0.0169
722.501	-0.0129
722.906	-0.0272
723.310	-0.0406
723.714	-0.0294
724.119	-0.0066
724.523	-0.0265
724.927	-0.0423
725.332	-0.0759
725.736	-0.0255
726.141	-0.0307
726.545	-0.0163
726.950	-0.0647
727.355	-0.0680
727.759	-0.0193
728.164	-0.0325
728.569	-0.0692
728.973	-0.0348
729.378	-0.0461
729.783	-0.0756
730.188	-0.0546
730.592	-0.0592
730.997	-0.0183
731.402	-0.0087
731.807	-0.0138
732.212	-0.0335
732.617	-0.0383
733.022	-0.0032
733.427	-0.0225
733.832	-0.0305
734.237	0.0011
734.642	-0.0086
735.047	-0.0055
735.452	0.0182
735.857	0.0080
736.263	0.0055
736.668	0.0123
737.073	-0.0079
737.478	-0.0319
737.884	-0.0570
738.289	-0.0495
738.694	-0.0493
739.100	-0.0720
739.505	-0.0484
739.911	-0.0547
740.316	-0.0520
740.721	-0.0240
741.127	-0.0393
741.532	0.0000
741.938	-0.0356
742.344	-0.0399
742.749	-0.0391
743.155	-0.0544
743.561	-0.0310
743.966	-0.0473
744.372	-0.0524
744.778	-0.0396
745.184	-0.0425
745.590	-0.0572
745.995	0.0117
746.401	-0.0324
746.807	-0.0442
747.213	-0.0275
747.619	-0.0199
748.025	-0.0111
748.431	-0.0580
748.837	-0.0220
749.243	-0.0045
749.649	-0.0263
750.056	-0.0381
750.462	-0.0163
750.868	-0.0449
751.274	-0.0204
751.680	-0.0055
752.087	-0.0265
752.493	-0.0275
752.899	-0.0347
753.306	-0.0396
753.712	-0.0199
754.119	-0.0374
754.525	-0.0428
754.932	-0.0062
755.338	-0.0051
755.744	-0.0239
756.151	-0.0367
756.558	-0.0041
756.964	-0.0032
757.371	-0.0104
757.778	-0.0113
758.184	0.0062
758.591	-0.0278
758.998	0.0052
759.405	-0.0063
759.811	0.0130
760.218	-0.0249
760.625	-0.0185
761.032	-0.0151
761.439	-0.0295
761.846	-0.0202
762.253	-0.0213
762.660	-0.0071
763.067	0.0083
763.474	-0.0050
763.881	0.0125
764.289	-0.0021
764.696	0.0011
765.103	0.0298
765.510	-0.0135
765.917	-0.0121
766.325	0.0146
766.732	-0.0202
767.139	-0.0107
767.547	-0.0052
767.954	0.0085
768.362	-0.0176
768.769	0.0021
769.177	0.0240
769.584	0.0349
769.992	-0.0249
770.399	0.0099
770.807	-0.0139
771.215	-0.0209
771.622	0.0135
772.030	0.0233
772.438	0.0107
772.845	-0.0012
773.253	0.0207
773.661	0.0097
774.069	0.0283
774.477	0.0098
774.885	0.0239
775.293	0.0133
775.701	0.0152
776.109	0.0160
776.517	0.0347
776.925	0.0117
777.333	-0.0052
777.741	-0.0287
778.149	-0.0194
778.557	-0.0412
778.965	-0.0438
779.374	-0.0190
779.782	-0.0117
780.190	-0.0061
780.599	0.0134
781.007	0.0354
781.415	-0.0250
781.824	-0.0075
782.232	0.0304
782.641	-0.0198
783.049	-0.0139
783.458	-0.0079
783.866	-0.0451
784.275	-0.0156
784.684	0.0270
785.092	-0.0111
785.501	0.0121
785.910	0.0049
786.318	0.0063
786.727	-0.0053
787.136	0.0051
787.545	0.0077
787.954	0.0066
788.363	-0.0040
788.772	0.0000
789.181	-0.0468
789.590	-0.0152
789.999	-0.0228
790.408	-0.0281
790.817	-0.0359
791.226	-0.0528
791.635	-0.0235
792.044	-0.0403
792.454	-0.0080
792.863	-0.0126
793.272	-0.0312
793.681	-0.0199
794.091	-0.0095
794.500	-0.0444
794.910	-0.0219
795.319	-0.0195
795.728	-0.0163
796.138	-0.0190
796.547	-0.0213
796.957	-0.0237
797.367	-0.0590
797.776	-0.0534
798.186	-0.0742
798.596	-0.0462
799.005	-0.0257
799.415	-0.0213
799.825	-0.0367
800.235	-0.0561
800.644	-0.0220
801.054	-0.0321
801.464	-0.0234
801.874	-0.0204
802.284	-0.0843
802.694	-0.0240
803.104	-0.0314
803.514	-0.0300
803.924	-0.0314
804.334	-0.0099
804.745	-0.0163
805.155	-0.0277
805.565	-0.0079
805.975	0.0157
806.386	-0.0283
806.796	-0.0401
807.206	-0.0179
807.617	-0.0279
808.027	0.0120
808.438	-0.0015
808.848	0.0134
809.258	-0.0095
809.669	-0.0223
810.080	-0.0261
810.490	-0.0196
810.901	0.0016
811.312	0.0032
811.722	-0.0278
812.133	-0.0515
812.544	-0.0346
812.954	-0.0072
813.365	-0.0186
813.776	0.0000
814.187	0.0015
814.598	0.0152
815.009	0.0147
815.420	-0.0131
815.831	-0.0714
816.242	-0.0490
816.653	-0.0398
817.064	-0.0359
817.475	-0.0440
817.887	-0.0473
818.298	-0.0604
818.709	-0.0423
819.120	-0.0234
819.532	-0.0268
819.943	0.0086
820.354	-0.0048
820.766	0.0358
821.177	-0.0050
821.589	0.0048
822.000	-0.0033
822.412	0.0066
822.823	0.0207
823.235	-0.0204
823.647	-0.0375
824.058	-0.0319
824.470	0.0067
824.882	0.0108
825.293	-0.0293
825.705	0.0266
826.117	0.0064
826.529	0.0051
826.941	-0.0198
827.353	0.0067
827.765	-0.0154
828.177	0.0206
828.589	0.0242
829.001	0.0036
829.413	0.0018
829.825	0.0035
830.237	0.0071
830.649	0.0107
831.062	0.0140
831.474	0.0000
831.886	0.0194
832.299	-0.0179
832.711	-0.0249
833.123	-0.0209
833.536	-0.0196
833.948	-0.0381
834.361	-0.0440
834.773	-0.0255
835.186	0.0142
835.599	0.0036
836.011	-0.0149
836.424	-0.0194
836.837	0.0202
837.249	0.0147
837.662	0.0418
838.075	-0.0113
838.488	0.0000
838.901	0.0187
839.313	-0.0081
839.726	-0.0059
840.139	0.0000
840.552	-0.0323
840.965	0.0104
841.378	-0.0018
841.792	-0.0435
842.205	-0.0308
842.618	0.0101
843.031	-0.0076
843.444	0.0018
843.858	-0.0225
844.271	-0.0072
844.684	0.0155
845.098	0.0037
845.511	0.0039
845.924	0.0117
846.338	-0.0529
846.752	0.0226
847.165	-0.0389
847.579	-0.0191
847.992	-0.0161
848.406	-0.0139
848.820	-0.0360
849.233	-0.0040
849.647	-0.0250
850.061	-0.0041
850.475	-0.0201
850.888	-0.0280
851.302	-0.0115
851.716	-0.0369
852.130	-0.0142
852.544	0.0237
852.958	0.0017
853.372	-0.0033
853.786	-0.0122
854.201	-0.0308
854.615	-0.0168
855.029	-0.0334
855.443	-0.0182
855.858	0.0355
856.272	-0.0276
856.686	0.0197
857.100	0.0113
857.515	0.0284
857.929	-0.0570
858.344	-0.0172
858.758	-0.0099
859.173	0.0166
859.588	0.0133
860.002	0.0298
860.417	0.0183
860.831	0.0254
861.246	-0.0021
861.661	-0.0472
862.076	0.0040
862.491	-0.0080
862.906	-0.0201
863.320	0.0041
863.735	-0.0193
864.150	-0.0491
864.565	-0.0523
864.980	-0.0135
865.395	-0.0093
865.811	-0.0349
866.226	-0.0468
866.641	0.0019
867.056	-0.0361
867.471	-0.0238
867.887	0.0097
868.302	-0.0399
868.717	-0.0300
869.133	-0.0040
869.548	0.0167
869.964	0.0076
870.379	0.0320
870.795	0.0112
871.210	-0.0156
871.626	0.0020
872.042	-0.0132
872.457	0.0158
872.873	-0.0020
873.289	0.0120
873.704	-0.0038
874.120	-0.0244
874.536	-0.0238
874.952	-0.0638
875.368	-0.0521
875.784	0.0058
876.200	0.0211
876.616	0.0116
877.032	0.0059
877.448	0.0267
877.864	0.0446
878.280	-0.0165
878.697	-0.0536
879.113	0.0057
879.529	0.0180
879.945	-0.0175
880.362	0.0181
880.778	-0.0041
881.195	0.0792
881.611	-0.0080
882.028	-0.0106
882.444	-0.0323
882.861	0.0099
883.277	-0.0061
883.694	-0.0207
884.111	-0.0571
884.528	-0.0041
884.944	-0.0209
885.361	0.0181
885.778	-0.0329
886.195	-0.0080
886.612	0.0078
887.029	0.0157
887.446	-0.0075
887.863	0.0057
888.280	0.0038
888.697	0.0315
889.114	-0.0350
889.531	-0.0056
889.948	-0.0310
890.366	-0.0127
890.783	0.0055
891.200	-0.0705
891.618	0.0148
892.035	-0.0104
892.452	-0.0337
892.870	-0.0197
893.287	-0.0407
893.705	-0.0075
894.122	-0.0058
894.540	0.0158
894.958	0.0154
895.375	0.0216
895.793	-0.0062
896.211	-0.0085
896.629	0.0272
897.046	0.0061
897.464	-0.0019
897.882	-0.0085
898.300	-0.0208
898.718	-0.0043
899.136	0.0258
899.554	0.0000
899.972	0.0023
900.390	0.0255
900.809	-0.0126
901.227	-0.0149
901.645	-0.0306
902.063	0.0062
902.482	0.0082
902.900	-0.0280
903.318	-0.0628
903.737	-0.0130
904.155	-0.0204
904.574	-0.0082
904.992	-0.0224
905.411	-0.0367
905.829	-0.0088
906.248	0.0021
906.667	-0.0240
907.086	-0.0045
907.504	-0.0607
907.923	0.0000
908.342	-0.0285
908.761	-0.0115
909.180	-0.0711
909.599	-0.0353
910.018	-0.0090
910.437	-0.0156
910.856	-0.0450
911.275	0.0000
911.694	0.0247
912.113	-0.0730
912.532	-0.0273
912.952	-0.0609
913.371	-0.0072
913.790	-0.0314
914.210	0.0195
914.629	-0.0078
915.049	0.0025
915.468	0.0152
915.888	-0.0313
916.307	0.0025
916.727	-0.0316
917.146	0.0049
917.566	-0.0224
917.986	-0.0048
918.406	-0.0266
918.825	0.0118
919.245	-0.0087
919.665	-0.0376
920.085	0.0463
920.505	0.0348
920.925	-0.0441
921.345	0.0098
921.765	0.0254
922.185	0.0521
922.605	0.0204
923.026	0.0388
923.446	0.0431
923.866	0.0702
924.286	0.0584
924.707	0.0407
925.127	-0.0027
925.547	0.0056
925.968	-0.0219
926.388	0.0000
926.809	0.0053
927.229	-0.0441
927.650	-0.0526
928.071	0.0153
928.491	-0.0364
928.912	-0.0093
929.333	0.0473
929.754	-0.0188
930.175	-0.0105
930.595	-0.0508
931.016	-0.0139
931.437	0.0401
931.858	0.0000
932.279	0.0134
932.700	0.0452
933.122	0.0365
933.543	0.0258
933.964	-0.0059
934.385	-0.0423
934.806	-0.0255
935.228	-0.0607
935.649	0.0209
936.070	0.0322
936.492	-0.0137
936.913	0.0417
937.335	-0.0033
937.756	-0.0289
938.178	0.0309
938.600	0.0135
939.021	0.0310
939.443	0.0833
939.865	-0.0068
940.286	0.0000
940.708	0.0285
941.130	-0.0280
941.552	-0.0076
941.974	-0.0074
942.396	0.0254
942.818	0.0079
943.240	0.0191
943.662	-0.0429
944.084	-0.0266
944.507	-0.0198
944.929	0.0000
945.351	-0.0072
945.773	-0.0381
946.196	0.0278
946.618	-0.0574
947.041	0.0216
947.463	-0.0406
947.886	0.0263
948.308	-0.0441
948.731	-0.0580
949.153	-0.0269
949.576	-0.0637
949.999	-0.0605
950.421	0.0039
950.844	-0.0202
951.267	0.0114
951.690	-0.0278
952.113	0.0384
952.536	-0.0170
952.959	0.0078
953.382	0.0227
953.805	0.0117
954.228	0.0313
954.651	0.0633
955.074	-0.0462
955.498	-0.0273
955.921	0.0000
956.344	0.0704
956.768	0.0161
957.191	0.0273
957.614	0.0345
958.038	0.0653
958.461	0.0170
958.885	0.0691
959.309	0.0534
959.732	0.1179
960.156	0.0879
960.580	0.0322
961.003	0.0423
961.427	-0.0071
961.851	-0.0150
962.275	-0.0492
962.699	-0.0035
963.123	0.0424
963.547	0.0313
963.971	-0.0070
964.395	0.0314
964.819	-0.0273
965.243	0.0516
965.668	0.0464
966.092	-0.0038
966.516	0.0512
966.940	0.0337
967.365	0.0381
967.789	0.0172
968.214	0.0105
968.638	0.0390
969.063	0.0681
969.487	0.0309
969.912	0.0481
970.337	0.0353
970.761	0.0365
971.186	0.0392
971.611	-0.0333
972.036	0.0702
972.461	-0.0214
972.885	-0.0173
973.310	0.0659
973.735	-0.0066
974.161	-0.0356
974.586	-0.0185
975.011	-0.0330
975.436	0.0594
975.861	0.0038
976.286	0.0235
976.712	0.0462
977.137	0.0621
977.562	0.0197
977.988	0.1633
