159.571	NaN
159.963	0.1761
160.354	0.0580
160.746	1.1461
161.137	0.4102
161.528	NaN
161.920	-1.0000
162.311	-0.1249
162.703	NaN
163.094	0.6990
163.485	NaN
163.877	¡Þ
164.268	NaN
164.660	NaN
165.051	0.9031
165.442	0.8451
165.834	-0.6990
166.225	0.9031
166.616	-0.3310
167.007	NaN
167.399	-0.4771
167.790	¡Þ
168.181	0.4393
168.573	0.4472
168.964	¡Þ
169.355	0.3522
169.746	NaN
170.138	¡Þ
170.529	0.1963
170.920	0.1549
171.311	0.1249
171.702	0.0000
172.094	0.4122
172.485	NaN
172.876	0.4771
173.267	0.6284
173.658	0.1326
174.050	NaN
174.441	NaN
174.832	0.3802
175.223	0.1856
175.614	0.0918
176.005	0.6990
176.396	0.4624
176.787	0.0378
177.179	NaN
177.570	0.3565
177.961	0.5315
178.352	NaN
178.743	0.4260
179.134	¡Þ
179.525	¡Þ
179.916	0.6284
180.307	¡Þ
180.698	0.5166
181.089	¡Þ
181.480	NaN
181.871	0.5229
182.262	NaN
182.653	NaN
183.044	NaN
183.435	NaN
183.826	NaN
184.217	0.7659
184.608	NaN
184.999	1.2937
185.390	NaN
185.781	1.0160
186.172	1.4037
186.563	1.2825
186.954	1.1417
187.345	NaN
187.736	1.1489
188.126	NaN
188.517	2.2068
188.908	1.4969
189.299	¡Þ
189.690	NaN
190.081	1.6646
190.472	1.4374
190.862	1.2931
191.253	1.5090
191.644	1.8045
192.035	1.8146
192.426	2.3979
192.817	NaN
193.207	2.1351
193.598	2.1804
193.989	1.6218
194.380	NaN
194.771	¡Þ
195.161	1.2458
195.552	1.7796
195.943	1.6628
196.334	1.6491
196.724	NaN
197.115	1.8692
197.506	1.7256
197.897	2.5079
198.287	1.9085
198.678	NaN
199.069	NaN
199.459	NaN
199.850	2.0334
200.241	1.4728
200.632	NaN
201.022	NaN
201.413	1.5536
201.804	¡Þ
202.194	1.6842
202.585	NaN
202.976	¡Þ
203.366	2.1508
203.757	1.7497
204.147	NaN
204.538	NaN
204.929	2.1599
205.319	1.4803
205.710	¡Þ
206.101	1.4440
206.491	1.3291
206.882	1.5546
207.272	NaN
207.663	1.7818
208.053	1.4150
208.444	1.2095
208.835	1.3962
209.225	1.3370
209.616	1.3674
210.006	1.5543
210.397	1.0923
210.787	¡Þ
211.178	NaN
211.568	1.2910
211.959	1.4087
212.349	1.5817
212.740	0.9958
213.130	1.8770
213.521	1.1563
213.911	2.0453
214.302	1.4953
214.692	1.4273
215.083	1.3847
215.473	1.4413
215.864	1.0813
216.254	NaN
216.645	1.1983
217.035	1.4853
217.426	NaN
217.816	NaN
218.206	1.7423
218.597	1.7559
218.987	1.6355
219.378	1.4698
219.768	1.6571
220.159	1.7709
220.549	1.6250
220.939	1.4641
221.330	1.4966
221.720	1.6516
222.111	2.4249
222.501	1.6812
222.891	2.1959
223.282	1.5711
223.672	2.4857
224.062	1.4964
224.453	NaN
224.843	1.3209
225.233	1.9445
225.624	1.3672
226.014	1.5618
226.404	1.7022
226.795	¡Þ
227.185	1.6385
227.575	2.0453
227.966	2.6803
228.356	1.8659
228.746	NaN
229.137	2.1239
229.527	2.1367
229.917	1.5783
230.308	NaN
230.698	2.0022
231.088	1.9678
231.478	¡Þ
231.869	1.6577
232.259	1.9037
232.649	2.2672
233.040	¡Þ
233.430	2.2928
233.820	2.0776
234.210	1.6752
234.601	2.2299
234.991	2.0304
235.381	¡Þ
235.771	1.9832
236.161	2.2810
236.552	2.2283
236.942	2.2253
237.332	NaN
237.722	NaN
238.113	2.0911
238.503	2.0828
238.893	2.5851
239.283	2.5984
239.673	NaN
240.064	2.3892
240.454	NaN
240.844	NaN
241.234	2.0361
241.624	2.6490
242.014	NaN
242.405	2.8354
242.795	2.8473
243.185	NaN
243.575	NaN
243.965	NaN
244.355	2.4074
244.746	2.4930
245.136	3.1818
245.526	2.4843
245.916	2.7149
246.306	3.2109
246.696	2.4289
247.086	¡Þ
247.477	1.9651
247.867	2.4490
248.257	NaN
248.647	2.1951
249.037	2.9330
249.427	2.0344
249.817	2.4676
250.207	2.1959
250.598	2.3967
250.988	NaN
251.378	2.3631
251.768	¡Þ
252.158	2.4928
252.548	¡Þ
252.938	2.4852
253.328	2.4932
253.718	2.3804
254.108	2.2435
254.498	NaN
254.888	2.6755
255.279	¡Þ
255.669	2.3293
256.059	2.5020
256.449	2.3804
256.839	NaN
257.229	¡Þ
257.619	NaN
258.009	2.3362
258.399	2.4613
258.789	2.3903
259.179	NaN
259.569	NaN
259.959	2.0631
260.349	¡Þ
260.739	2.3470
261.129	2.4587
261.519	3.0039
261.909	2.1316
262.299	2.5999
262.689	2.5289
263.079	2.3422
263.469	NaN
263.859	2.8239
264.249	NaN
264.639	2.6953
265.029	2.2964
265.419	2.4555
265.810	¡Þ
266.199	2.2133
266.589	2.6846
266.979	1.9647
267.369	2.5017
267.759	NaN
268.149	2.8044
268.539	NaN
268.929	2.0578
269.319	2.1414
269.709	NaN
270.099	2.4318
270.489	2.4384
270.879	2.4391
271.269	2.1061
271.659	3.2838
272.049	NaN
272.439	3.2862
272.829	NaN
273.219	2.4244
273.609	¡Þ
273.999	2.3195
274.389	NaN
274.779	2.3725
275.169	2.2744
275.559	2.3727
275.949	2.3743
276.339	2.4918
276.729	¡Þ
277.119	2.4267
277.509	2.2351
277.899	2.1648
278.289	2.2831
278.679	2.2041
279.069	2.8028
279.459	2.0481
279.849	2.0177
280.238	2.3311
280.628	2.0787
281.018	2.3266
281.408	¡Þ
281.798	2.5694
282.188	2.0728
282.578	2.2817
282.968	NaN
283.358	2.1961
283.748	2.2826
284.138	2.4937
284.528	2.4237
284.918	2.6785
285.308	2.1365
285.698	2.4997
286.088	NaN
286.478	2.4304
286.867	2.9789
287.257	2.4463
287.647	3.2758
288.037	¡Þ
288.427	2.0214
288.817	2.0138
289.207	2.5807
289.597	2.3867
289.987	NaN
290.377	NaN
290.767	2.3782
291.157	2.5766
291.547	2.9814
291.937	2.5850
292.327	NaN
292.716	NaN
293.106	2.5121
293.496	2.3297
293.886	2.7987
294.276	2.6817
294.666	2.6758
295.056	2.6778
295.446	2.2399
295.836	2.3297
296.226	NaN
296.616	2.4384
297.006	NaN
297.396	2.1655
297.785	2.4325
298.175	2.7884
298.565	2.4930
298.955	2.4946
299.345	2.1646
299.735	2.9791
300.125	2.1285
300.515	NaN
300.905	2.4244
301.295	¡Þ
301.685	2.3201
302.075	2.6618
302.465	NaN
302.854	2.3608
303.244	NaN
303.634	2.0470
304.024	2.1734
304.414	2.1761
304.804	2.6352
305.194	2.5549
305.584	2.9472
305.974	2.3989
306.364	2.2408
306.754	NaN
307.144	2.3989
307.534	2.1591
307.924	2.0362
308.314	2.1929
308.703	2.6263
309.093	2.7474
309.483	NaN
309.873	2.4520
310.263	NaN
310.653	2.5159
311.043	NaN
311.433	NaN
311.823	¡Þ
312.213	2.6120
312.603	2.9036
312.993	2.0043
313.383	2.3035
313.773	NaN
314.163	2.2964
314.553	2.1940
314.943	2.8968
315.332	2.2417
315.722	2.8957
316.112	2.7138
316.502	2.1484
316.892	2.1441
317.282	2.1875
317.672	NaN
318.062	2.1729
318.452	2.3252
318.842	1.8296
319.232	1.8672
319.622	2.0601
320.012	2.6857
320.402	2.3735
320.792	1.9454
321.182	1.9853
321.572	2.5563
321.962	2.3717
322.352	2.0648
322.742	2.0499
323.132	1.8142
323.522	1.9210
323.912	1.9161
324.302	1.9800
324.692	1.9539
325.082	1.7359
325.472	1.7608
325.862	1.7167
326.252	1.7468
326.642	1.8587
327.032	1.7904
327.422	1.6755
327.812	1.4757
328.202	1.5148
328.592	1.5189
328.982	1.4317
329.372	1.3261
329.762	1.3211
330.152	1.2632
330.542	1.2837
330.932	1.2773
331.322	1.1962
331.712	1.1869
332.102	1.0636
332.492	1.0623
332.882	1.0666
333.272	1.0698
333.662	0.9436
334.052	0.9133
334.442	0.8487
334.832	0.8922
335.222	0.8726
335.612	0.8647
336.002	0.8751
336.392	0.7925
336.782	0.7288
337.172	0.7262
337.562	0.6892
337.952	0.6844
338.342	0.6512
338.733	0.6123
339.123	0.6103
339.513	0.6222
339.903	0.5892
340.293	0.5550
340.683	0.5521
341.073	0.5254
341.463	0.5157
341.853	0.4780
342.243	0.4833
342.633	0.4596
343.023	0.4448
343.413	0.4295
343.804	0.4033
344.194	0.3875
344.584	0.4023
344.974	0.3691
345.364	0.3424
345.754	0.3709
346.144	0.3333
346.534	0.3237
346.924	0.3158
347.315	0.3039
347.705	0.3160
348.095	0.2927
348.485	0.2536
348.875	0.2617
349.265	0.2700
349.655	0.2650
350.046	0.2574
350.436	0.2719
350.826	0.2501
351.216	0.2442
351.606	0.2294
351.996	0.1984
352.387	0.1834
352.777	0.2081
353.167	0.2132
353.557	0.1796
353.947	0.1636
354.337	0.1710
354.728	0.1724
355.118	0.1639
355.508	0.1512
355.898	0.1268
356.288	0.1660
356.679	0.1363
357.069	0.1274
357.459	0.1291
357.849	0.1129
358.240	0.1438
358.630	0.1214
359.020	0.1251
359.410	0.1185
359.801	0.0992
360.191	0.1048
360.581	0.1029
360.971	0.0962
361.362	0.0895
361.752	0.0985
362.142	0.0812
362.532	0.0786
362.923	0.0867
363.313	0.0921
363.703	0.0787
364.093	0.0689
364.484	0.0837
364.874	0.0636
365.264	0.0626
365.655	0.0693
366.045	0.0728
366.435	0.0725
366.826	0.0544
367.216	0.0787
367.606	0.0887
367.996	0.0818
368.387	0.0794
368.777	0.0461
369.168	0.0783
369.558	0.0509
369.948	0.0724
370.339	0.0484
370.729	0.0775
371.119	0.0644
371.510	0.0569
371.900	0.0540
372.290	0.0474
372.681	0.0522
373.071	0.0350
373.462	0.0724
373.852	0.0454
374.242	0.0738
374.633	0.0608
375.023	0.0406
375.414	0.0717
375.804	0.0463
376.195	0.0673
376.585	0.0623
376.975	0.0694
377.366	0.0710
377.756	0.0777
378.147	0.0659
378.537	0.0622
378.928	0.0802
379.318	0.0715
379.709	0.0833
380.099	0.0657
380.490	0.0912
380.880	0.0715
381.271	0.0962
381.661	0.0948
382.052	0.0575
382.442	0.0822
382.833	0.0889
383.223	0.0679
383.614	0.0753
384.004	0.0662
384.395	0.0770
384.785	0.0817
385.176	0.0627
385.566	0.0891
385.957	0.0351
386.347	0.0595
386.738	0.0658
387.129	0.0429
387.519	0.0398
387.910	0.0490
388.300	0.0520
388.691	0.0496
389.082	0.0400
389.472	0.0711
389.863	0.0472
390.253	0.0367
390.644	0.0513
391.035	0.0561
391.425	0.0539
391.816	0.0381
392.207	0.0269
392.597	0.0031
392.988	0.0359
393.379	0.0144
393.769	0.0491
394.160	0.0590
394.551	0.0235
394.941	0.0359
395.332	0.0355
395.723	0.0126
396.114	0.0143
396.504	0.0220
396.895	0.0089
397.286	0.0392
397.676	0.0039
398.067	0.0306
398.458	0.0142
398.849	-0.0061
399.240	0.0091
399.630	0.0015
400.021	0.0207
400.412	0.0069
400.803	0.0135
401.193	0.0324
401.584	0.0106
401.975	0.0025
402.366	0.0098
402.757	0.0173
403.148	0.0084
403.538	0.0025
403.929	-0.0111
404.320	0.0282
404.711	0.0161
405.102	0.0017
405.493	0.0324
405.884	0.0136
406.274	0.0277
406.665	-0.0057
407.056	-0.0025
407.447	0.0117
407.838	-0.0009
408.229	0.0035
408.620	0.0142
409.011	0.0253
409.402	0.0396
409.793	0.0168
410.184	0.0090
410.575	0.0249
410.966	0.0398
411.357	0.0170
411.748	0.0290
412.139	-0.0112
412.530	0.0225
412.921	0.0234
413.312	0.0054
413.703	0.0412
414.094	-0.0087
414.485	0.0219
414.876	0.0261
415.267	-0.0308
415.658	0.0255
416.049	0.0090
416.440	0.0046
416.831	-0.0046
417.222	0.0036
417.613	0.0166
418.004	0.0119
418.395	0.0102
418.787	0.0310
419.178	-0.0029
419.569	0.0291
419.960	0.0056
420.351	0.0129
420.742	0.0323
421.133	0.0166
421.525	0.0187
421.916	0.0309
422.307	0.0227
422.698	0.0211
423.089	0.0102
423.481	0.0017
423.872	0.0514
424.263	-0.0105
424.654	0.0134
425.046	0.0136
425.437	0.0110
425.828	0.0309
426.219	0.0209
426.611	0.0222
427.002	0.0093
427.393	0.0048
427.785	0.0048
428.176	0.0230
428.567	0.0030
428.958	0.0212
429.350	0.0000
429.741	-0.0056
430.133	0.0332
430.524	0.0134
430.915	0.0375
431.307	0.0163
431.698	0.0337
432.089	0.0236
432.481	0.0368
432.872	0.0202
433.264	0.0411
433.655	0.0316
434.047	0.0308
434.438	0.0362
434.829	0.0275
435.221	0.0274
435.612	0.0118
436.004	0.0269
436.395	0.0166
436.787	0.0186
437.178	0.0250
437.570	0.0315
437.961	0.0166
438.353	-0.0029
438.744	-0.0058
439.136	0.0493
439.528	0.0225
439.919	0.0197
440.311	0.0190
440.702	0.0048
441.094	0.0165
441.486	0.0366
441.877	0.0028
442.269	0.0209
442.660	0.0410
443.052	0.0334
443.444	0.0262
443.835	0.0093
444.227	0.0167
444.619	0.0150
445.010	0.0000
445.402	0.0430
445.794	0.0348
446.186	0.0210
446.577	0.0211
446.969	0.0178
447.361	0.0199
447.753	0.0512
448.144	0.0144
448.536	0.0291
448.928	0.0452
449.320	0.0221
449.711	0.0337
450.103	0.0150
450.495	0.0190
450.887	0.0351
451.279	0.0155
451.671	0.0340
452.062	0.0149
452.454	0.0048
452.846	0.0317
453.238	0.0341
453.630	0.0375
454.022	0.0294
454.414	-0.0041
454.806	0.0337
455.198	0.0105
455.590	0.0083
455.982	0.0214
456.374	0.0093
456.766	0.0211
457.158	0.0159
457.550	0.0263
457.942	0.0317
458.334	0.0115
458.726	0.0051
459.118	0.0188
459.510	0.0169
459.902	0.0388
460.294	0.0042
460.686	0.0216
461.078	0.0583
461.470	0.0231
461.862	0.0066
462.254	-0.0011
462.647	-0.0088
463.039	0.0109
463.431	0.0235
463.823	0.0280
464.215	0.0442
464.607	-0.0200
465.000	0.0278
465.392	0.0155
465.784	-0.0117
466.176	-0.0011
466.569	0.0106
466.961	0.0127
467.353	-0.0086
467.745	-0.0012
468.138	0.0114
468.530	-0.0047
468.922	-0.0384
469.315	0.0296
469.707	-0.0048
470.099	0.0199
470.492	0.0099
470.884	-0.0025
471.276	0.0152
471.669	-0.0118
472.061	0.0089
472.453	0.0206
472.846	0.0049
473.238	0.0153
473.631	0.0036
474.023	0.0000
474.416	0.0122
474.808	-0.0024
475.201	0.0024
475.593	-0.0024
475.986	0.0169
476.378	0.0225
476.771	-0.0174
477.163	0.0000
477.556	-0.0012
477.948	-0.0048
478.341	0.0263
478.733	0.0211
479.126	-0.0036
479.519	0.0133
479.911	-0.0085
480.304	0.0248
480.697	0.0140
481.089	-0.0112
481.482	0.0154
481.875	-0.0181
482.267	-0.0163
482.660	0.0311
483.053	0.0084
483.445	0.0189
483.838	0.0046
484.231	0.0225
484.624	0.0237
485.016	-0.0157
485.409	-0.0069
485.802	0.0087
486.195	-0.0088
486.588	-0.0041
486.980	0.0206
487.373	0.0008
487.766	-0.0136
488.159	-0.0030
488.552	-0.0233
488.945	0.0187
489.338	-0.0049
489.731	0.0430
490.124	0.0062
490.517	0.0088
490.909	0.0135
491.302	-0.0254
491.695	0.0335
492.088	0.0179
492.481	-0.0216
492.874	-0.0025
493.267	-0.0208
493.661	-0.0054
494.054	0.0064
494.447	0.0077
494.840	0.0356
495.233	0.0077
495.626	0.0112
496.019	0.0254
496.412	0.0026
496.805	0.0155
497.198	0.0309
497.592	-0.0135
497.985	0.0152
498.378	0.0321
498.771	0.0207
499.164	0.0237
499.558	-0.0026
499.951	0.0110
500.344	0.0233
500.737	0.0229
501.131	-0.0094
501.524	-0.0037
501.917	0.0376
502.311	0.0256
502.704	0.0435
503.097	-0.0089
503.491	0.0040
503.884	-0.0065
504.277	-0.0167
504.671	0.0096
505.064	0.0056
505.458	0.0040
505.851	-0.0319
506.245	0.0247
506.638	0.0263
507.031	0.0000
507.425	0.0329
507.818	-0.0081
508.212	0.0305
508.605	0.0014
508.999	0.0014
509.393	0.0055
509.786	0.0028
510.180	0.0054
510.573	0.0483
510.967	0.0000
511.361	0.0244
511.754	0.0258
512.148	0.0014
512.542	0.0292
512.935	-0.0117
513.329	0.0173
513.723	0.0096
514.116	0.0390
514.510	0.0263
514.904	0.0217
515.298	0.0365
515.691	-0.0030
516.085	-0.0091
516.479	0.0045
516.873	0.0135
517.267	-0.0076
517.660	0.0284
518.054	0.0095
518.448	0.0343
518.842	0.0348
519.236	0.0532
519.630	0.0333
520.024	0.0080
520.418	0.0077
520.812	0.0140
521.206	-0.0107
521.600	0.0063
521.994	-0.0015
522.388	0.0129
522.782	-0.0234
523.176	0.0142
523.570	-0.0214
523.964	0.0225
524.358	0.0064
524.752	0.0059
525.146	0.0106
525.540	-0.0313
525.934	-0.0016
526.329	0.0355
526.723	0.0000
527.117	0.0203
527.511	0.0356
527.905	0.0247
528.300	0.0291
528.694	0.0104
529.088	-0.0105
529.482	0.0241
529.877	0.0108
530.271	0.0184
530.665	-0.0073
531.060	0.0270
531.454	-0.0241
531.848	-0.0194
532.243	0.0198
532.637	0.0501
533.031	0.0084
533.426	0.0276
533.820	-0.0132
534.215	0.0248
534.609	0.0187
535.004	0.0228
535.398	0.0128
535.793	-0.0128
536.187	-0.0029
536.582	0.0295
536.976	0.0014
537.371	0.0182
537.766	0.0368
538.160	0.0232
538.555	0.0239
538.949	0.0350
539.344	0.0166
539.739	0.0246
540.133	0.0304
540.528	0.0101
540.923	0.0027
541.317	0.0196
541.712	0.0226
542.107	-0.0042
542.502	0.0041
542.897	0.0587
543.291	-0.0136
543.686	0.0000
544.081	0.0299
544.476	0.0041
544.871	0.0385
545.266	0.0000
545.661	0.0094
546.055	-0.0072
546.450	0.0230
546.845	0.0544
547.240	-0.0066
547.635	-0.0013
548.030	0.0095
548.425	-0.0066
548.820	0.0169
549.215	0.0039
549.610	-0.0307
550.005	0.0266
550.400	0.0072
550.796	0.0203
551.191	0.0451
551.586	-0.0107
551.981	0.0124
552.376	0.0176
552.771	0.0038
553.166	0.0211
553.562	0.0080
553.957	0.0273
554.352	0.0199
554.747	0.0294
555.143	0.0366
555.538	0.0418
555.933	0.0051
556.329	0.0154
556.724	0.0052
557.119	0.0337
557.515	0.0094
557.910	0.0319
558.306	-0.0091
558.701	0.0000
559.096	0.0385
559.492	-0.0165
559.887	0.0419
560.283	0.0089
560.678	-0.0038
561.074	-0.0024
561.469	0.0240
561.865	0.0152
562.260	0.0139
562.656	0.0026
563.052	0.0128
563.447	0.0123
563.843	0.0278
564.239	0.0322
564.634	0.0461
565.030	0.0063
565.426	0.0286
565.821	0.0000
566.217	0.0242
566.613	0.0209
567.009	0.0169
567.405	0.0054
567.800	0.0145
568.196	0.0172
568.592	0.0117
568.988	0.0128
569.384	0.0380
569.780	0.0128
570.176	0.0298
570.572	-0.0008
570.967	0.0023
571.363	0.0110
571.759	0.0036
572.155	0.0095
572.551	-0.0049
572.948	0.0211
573.344	0.0260
573.740	0.0190
574.136	0.0286
574.532	0.0113
574.928	0.0091
575.324	0.0077
575.720	0.0248
576.116	-0.0043
576.513	0.0261
576.909	0.0150
577.305	0.0156
577.701	0.0218
578.098	0.0033
578.494	0.0106
578.890	0.0114
579.286	0.0167
579.683	0.0123
580.079	0.0195
580.475	0.0026
580.872	0.0068
581.268	0.0216
581.665	0.0129
582.061	0.0380
582.458	0.0178
582.854	0.0299
583.251	0.0445
583.647	0.0371
584.044	0.0195
584.440	0.0093
584.837	0.0254
585.233	0.0051
585.630	0.0154
586.027	0.0164
586.423	0.0299
586.820	0.0103
587.217	0.0147
587.613	0.0244
588.010	0.0293
588.407	0.0266
588.804	0.0253
589.200	0.0421
589.597	0.0405
589.994	0.0204
590.391	0.0222
590.788	0.0541
591.184	0.0335
591.581	0.0206
591.978	0.0029
592.375	0.0392
592.772	0.0583
593.169	0.0196
593.566	0.0219
593.963	0.0152
594.360	0.0097
594.757	0.0275
595.154	0.0275
595.551	0.0348
595.948	0.0361
596.345	0.0414
596.742	0.0288
597.140	0.0306
597.537	0.0384
597.934	0.0313
598.331	0.0057
598.728	0.0076
599.125	0.0460
599.523	0.0233
599.920	0.0159
600.317	0.0069
600.715	0.0176
601.112	0.0187
601.509	0.0194
601.907	0.0529
602.304	0.0223
602.702	0.0282
603.099	0.0345
603.496	0.0141
603.894	0.0251
604.291	0.0420
604.689	0.0328
605.086	0.0158
605.484	0.0480
605.882	0.0390
606.279	0.0329
606.677	0.0262
607.074	0.0236
607.472	0.0295
607.870	0.0410
608.267	0.0589
608.665	0.0286
609.063	0.0301
609.461	0.0469
609.858	0.0363
610.256	0.0518
610.654	0.0274
611.052	0.0286
611.449	0.0546
611.847	0.0134
612.245	0.0419
612.643	0.0582
613.041	0.0388
613.439	0.0411
613.837	0.0278
614.235	0.0333
614.633	0.0459
615.031	0.0373
615.429	0.0413
615.827	0.0343
616.225	0.0175
616.623	0.0600
617.021	0.0442
617.419	0.0590
617.818	0.0279
618.216	0.0242
618.614	0.0379
619.012	-0.0009
619.410	0.0364
619.809	0.0249
620.207	0.0441
620.605	0.0408
621.004	0.0671
621.402	0.0468
621.800	0.0778
622.199	0.0659
622.597	0.0474
622.996	0.0938
623.394	0.0692
623.792	0.0302
624.191	0.0379
624.589	0.0407
624.988	0.1217
625.387	0.0433
625.785	0.0442
626.184	0.0647
626.582	0.0319
626.981	0.0333
627.380	0.0217
627.778	0.0334
628.177	0.0481
628.576	0.0429
628.974	0.0411
629.373	0.0686
629.772	0.0659
630.171	0.0625
630.570	0.0877
630.968	0.0474
631.367	0.0865
631.766	0.0594
632.165	0.0880
632.564	0.0688
632.963	0.0540
633.362	0.0834
633.761	0.0567
634.160	0.0622
634.559	0.0923
634.958	0.0846
635.357	0.0405
635.756	0.0490
636.155	0.0567
636.554	0.0635
636.954	0.0683
637.353	0.0412
637.752	0.0865
638.151	0.0340
638.550	0.0540
638.950	0.0838
639.349	0.0702
639.748	0.0671
640.148	0.0676
640.547	0.0488
640.946	0.0601
641.346	0.0413
641.745	0.0578
642.145	0.0223
642.544	0.0638
642.943	0.0480
643.343	0.0295
643.742	0.0952
644.142	0.0495
644.542	0.0309
644.941	0.0382
645.341	0.0435
645.740	0.0578
646.140	0.1033
646.540	0.0712
646.940	0.0822
647.339	0.0432
647.739	0.0630
648.139	0.0558
648.539	0.0442
648.938	0.0643
649.338	0.0454
649.738	0.0762
650.138	0.0400
650.538	0.0731
650.938	0.0599
651.338	0.0356
651.738	0.0348
652.138	0.0535
652.538	0.0550
652.938	0.0750
653.338	0.0668
653.738	0.0380
654.138	0.0196
654.538	0.0204
654.938	0.0377
655.338	0.0344
655.739	0.0522
656.139	0.0568
656.539	0.0842
656.939	0.0796
657.339	0.0908
657.740	0.0856
658.140	0.0301
658.540	0.0787
658.941	0.1000
659.341	0.0475
659.742	0.0492
660.142	0.0507
660.542	0.0555
660.943	0.0702
661.343	0.0945
661.744	0.0749
662.145	0.0559
662.545	0.0501
662.946	0.0756
663.346	0.0583
663.747	0.0699
664.148	0.0425
664.548	0.0429
664.949	0.0696
665.350	0.0679
665.751	0.0702
666.151	0.0879
666.552	0.0652
666.953	0.0889
667.354	0.0686
667.755	0.0559
668.156	0.0853
668.557	0.0589
668.958	0.0654
669.358	0.0369
669.759	0.0825
670.160	0.1039
670.562	0.0794
670.963	0.0790
671.364	0.0477
671.765	0.0209
672.166	0.0629
672.567	0.0375
672.968	0.0992
673.369	0.0747
673.771	0.0687
674.172	0.0611
674.573	0.0782
674.975	0.0832
675.376	0.1016
675.777	0.0740
676.179	0.0840
676.580	0.0721
676.981	0.0808
677.383	0.0764
677.784	0.0799
678.186	0.0547
678.587	0.0770
678.989	0.0875
679.390	0.1159
679.792	0.0744
680.194	0.0626
680.595	0.0583
680.997	0.0749
681.398	0.0904
681.800	0.0815
682.202	0.0501
682.604	0.0627
683.006	0.1191
683.407	0.0622
683.809	0.0781
684.211	0.0746
684.613	0.0721
685.015	0.0848
685.417	0.0776
685.819	0.0974
686.221	0.1257
686.623	0.0748
687.025	0.0863
687.427	0.1064
687.829	0.0731
688.231	0.0562
688.633	0.0908
689.035	0.1002
689.437	0.0792
689.839	0.0874
690.242	0.0746
690.644	0.0720
691.046	0.0724
691.448	0.0712
691.851	0.0997
692.253	0.0761
692.656	0.0915
693.058	0.0910
693.460	0.0847
693.863	0.0840
694.265	0.0345
694.668	0.0792
695.070	0.1260
695.473	0.0955
695.875	0.0494
696.278	0.0812
696.681	0.1187
697.083	0.0983
697.486	0.0921
697.889	0.0765
698.291	0.0709
698.694	0.1020
699.097	0.0720
699.500	0.0897
699.902	0.1076
700.305	0.0873
700.708	0.0691
701.111	0.1143
701.514	0.1082
701.917	0.1134
702.320	0.0799
702.723	0.1238
703.126	0.1017
703.529	0.0861
703.932	0.0963
704.335	0.0958
704.738	0.0688
705.141	0.0780
705.545	0.1027
705.948	0.0590
706.351	0.1096
706.754	0.0879
707.157	0.0664
707.561	0.0856
707.964	0.0686
708.367	0.1141
708.771	0.1106
709.174	0.1016
709.578	0.0820
709.981	0.0881
710.385	0.1138
710.788	0.0815
711.192	0.0877
711.595	0.1257
711.999	0.0801
712.402	0.0955
712.806	0.1023
713.210	0.1169
713.613	0.1239
714.017	0.1141
714.421	0.1017
714.825	0.1166
715.229	0.1155
715.632	0.1008
716.036	0.1098
716.440	0.0999
716.844	0.1175
717.248	0.1096
717.652	0.1049
718.056	0.1275
718.460	0.0696
718.864	0.1096
719.268	0.1155
719.672	0.1376
720.076	0.0943
720.480	0.1156
720.884	0.1077
721.289	0.1125
721.693	0.1200
722.097	0.1300
722.501	0.1234
722.906	0.1175
723.310	0.0862
723.714	0.0671
724.119	0.1044
724.523	0.1101
724.927	0.1325
725.332	0.1056
725.736	0.1023
726.141	0.1020
726.545	0.1407
726.950	0.1282
727.355	0.1320
727.759	0.0975
728.164	0.1057
728.569	0.0848
728.973	0.0966
729.378	0.0877
729.783	0.0845
730.188	0.0939
730.592	0.1290
730.997	0.1131
731.402	0.1107
731.807	0.1145
732.212	0.1461
732.617	0.1132
733.022	0.1209
733.427	0.1178
733.832	0.1228
734.237	0.1107
734.642	0.1011
735.047	0.0946
735.452	0.1037
735.857	0.0875
736.263	0.0783
736.668	0.0713
737.073	0.1132
737.478	0.0785
737.884	0.0975
738.289	0.1109
738.694	0.1160
739.100	0.1319
739.505	0.1228
739.911	0.1016
740.316	0.1317
740.721	0.1100
741.127	0.1058
741.532	0.0925
741.938	0.1502
742.344	0.1280
742.749	0.1280
743.155	0.1817
743.561	0.1370
743.966	0.1234
744.372	0.1572
744.778	0.1575
745.184	0.1483
745.590	0.1412
745.995	0.1630
746.401	0.1585
746.807	0.1743
747.213	0.1371
747.619	0.1755
748.025	0.1343
748.431	0.1183
748.837	0.1610
749.243	0.1234
749.649	0.1407
750.056	0.1323
750.462	0.1103
750.868	0.1427
751.274	0.1441
751.680	0.1407
752.087	0.1569
752.493	0.0981
752.899	0.1525
753.306	0.1167
753.712	0.1614
754.119	0.1663
754.525	0.1126
754.932	0.1290
755.338	0.1471
755.744	0.1350
756.151	0.1253
756.558	0.1267
756.964	0.1177
757.371	0.1453
757.778	0.1218
758.184	0.1538
758.591	0.1369
758.998	0.1260
759.405	0.1246
759.811	0.1467
760.218	0.1115
760.625	0.1761
761.032	0.1500
761.439	0.1571
761.846	0.1061
762.253	0.1207
762.660	0.1533
763.067	0.1126
763.474	0.1246
763.881	0.1260
764.289	0.1101
764.696	0.1337
765.103	0.1182
765.510	0.1218
765.917	0.1478
766.325	0.1110
766.732	0.1547
767.139	0.1316
767.547	0.1297
767.954	0.1511
768.362	0.1522
768.769	0.1299
769.177	0.1696
769.584	0.1562
769.992	0.1461
770.399	0.1253
770.807	0.1494
771.215	0.1303
771.622	0.1450
772.030	0.1457
772.438	0.1749
772.845	0.1363
773.253	0.1659
773.661	0.1429
774.069	0.1803
774.477	0.1971
774.885	0.1421
775.293	0.1321
775.701	0.1792
776.109	0.1563
776.517	0.1963
776.925	0.1474
777.333	0.1952
777.741	0.1593
778.149	0.1755
778.557	0.1802
778.965	0.1559
779.374	0.1564
779.782	0.1832
780.190	0.1749
780.599	0.1546
781.007	0.1767
781.415	0.1767
781.824	0.1773
782.232	0.1409
782.641	0.1735
783.049	0.1860
783.458	0.1424
783.866	0.1711
784.275	0.1453
784.684	0.1357
785.092	0.1789
785.501	0.1365
785.910	0.1633
786.318	0.1509
786.727	0.1761
787.136	0.1926
787.545	0.1628
787.954	0.1409
788.363	0.1357
788.772	0.1418
789.181	0.1385
789.590	0.2169
789.999	0.1491
790.408	0.1819
790.817	0.1591
791.226	0.1553
791.635	0.1659
792.044	0.2065
792.454	0.1633
792.863	0.1726
793.272	0.1357
793.681	0.2060
794.091	0.1647
794.500	0.1545
794.910	0.2150
795.319	0.1330
795.728	0.1515
796.138	0.1825
796.547	0.1776
796.957	0.1871
797.367	0.1414
797.776	0.1640
798.186	0.1906
798.596	0.1730
799.005	0.1907
799.415	0.2020
799.825	0.2161
800.235	0.2263
800.644	0.2080
801.054	0.2318
801.464	0.1809
801.874	0.1553
802.284	0.2262
802.694	0.1872
803.104	0.2228
803.514	0.1673
803.924	0.1785
804.334	0.1656
804.745	0.1677
805.155	0.2022
805.565	0.2032
805.975	0.2063
806.386	0.1686
806.796	0.2067
807.206	0.1419
807.617	0.1662
808.027	0.1963
808.438	0.1850
808.848	0.2332
809.258	0.1737
809.669	0.1654
810.080	0.2016
810.490	0.2234
810.901	0.2006
811.312	0.1731
811.722	0.2093
812.133	0.1805
812.544	0.1872
812.954	0.2345
813.365	0.2154
813.776	0.1653
814.187	0.2203
814.598	0.2070
815.009	0.1662
815.420	0.2038
815.831	0.1839
816.242	0.1697
816.653	0.2139
817.064	0.1701
817.475	0.2306
817.887	0.1837
818.298	0.1940
818.709	0.1726
819.120	0.1751
819.532	0.2031
819.943	0.2230
820.354	0.2316
820.766	0.2111
821.177	0.1542
821.589	0.2109
822.000	0.2422
822.412	0.1837
822.823	0.2196
823.235	0.1915
823.647	0.1824
824.058	0.2338
824.470	0.1985
824.882	0.2590
825.293	0.2366
825.705	0.1994
826.117	0.2122
826.529	0.1949
826.941	0.2096
827.353	0.1828
827.765	0.1370
828.177	0.2196
828.589	0.1636
829.001	0.1869
829.413	0.2517
829.825	0.1944
830.237	0.1866
830.649	0.2104
831.062	0.1848
831.474	0.2182
831.886	0.2241
832.299	0.2333
832.711	0.2048
833.123	0.1752
833.536	0.1593
833.948	0.2092
834.361	0.2368
834.773	0.2518
835.186	0.2136
835.599	0.2041
836.011	0.2286
836.424	0.1994
836.837	0.1803
837.249	0.1950
837.662	0.2015
838.075	0.2274
838.488	0.1845
838.901	0.2213
839.313	0.2237
839.726	0.1966
840.139	0.2691
840.552	0.1957
840.965	0.2052
841.378	0.2341
841.792	0.2049
842.205	0.2231
842.618	0.3010
843.031	0.2257
843.444	0.2094
843.858	0.1963
844.271	0.1980
844.684	0.2069
845.098	0.1917
845.511	0.2430
845.924	0.2283
846.338	0.1925
846.752	0.2144
847.165	0.2101
847.579	0.1117
847.992	0.1894
848.406	0.1613
848.820	0.2106
849.233	0.2180
849.647	0.2275
850.061	0.2629
850.475	0.1565
850.888	0.2004
851.302	0.2033
851.716	0.1761
852.130	0.2080
852.544	0.2422
852.958	0.2190
853.372	0.2095
853.786	0.1900
854.201	0.2172
854.615	0.2212
855.029	0.2391
855.443	0.2323
855.858	0.2263
856.272	0.2522
856.686	0.2290
857.100	0.2259
857.515	0.2394
857.929	0.2187
858.344	0.2452
858.758	0.2478
859.173	0.2186
859.588	0.2341
860.002	0.2577
860.417	0.2361
860.831	0.2663
861.246	0.2703
861.661	0.2574
862.076	0.2497
862.491	0.2481
862.906	0.2196
863.320	0.2405
863.735	0.1987
864.150	0.2415
864.565	0.2041
864.980	0.2338
865.395	0.3212
865.811	0.2537
866.226	0.2379
866.641	0.2071
867.056	0.2150
867.471	0.2128
867.887	0.2050
868.302	0.2723
868.717	0.2651
869.133	0.2253
869.548	0.2686
869.964	0.3051
870.379	0.2822
870.795	0.2445
871.210	0.2177
871.626	0.1985
872.042	0.2810
872.457	0.2581
872.873	0.2738
873.289	0.1848
873.704	0.2598
874.120	0.2629
874.536	0.2239
874.952	0.2629
875.368	0.2850
875.784	0.2077
876.200	0.2091
876.616	0.2951
877.032	0.2436
877.448	0.2483
877.864	0.2253
878.280	0.2328
878.697	0.2178
879.113	0.2182
879.529	0.2711
879.945	0.1813
880.362	0.2362
880.778	0.2762
881.195	0.2139
881.611	0.2777
882.028	0.2100
882.444	0.3213
882.861	0.2468
883.277	0.1969
883.694	0.2814
884.111	0.2293
884.528	0.2204
884.944	0.2303
885.361	0.1856
885.778	0.2091
886.195	0.3310
886.612	0.2545
887.029	0.2701
887.446	0.2159
887.863	0.2463
888.280	0.2464
888.697	0.2525
889.114	0.2912
889.531	0.2585
889.948	0.2297
890.366	0.2397
890.783	0.2520
891.200	0.2313
891.618	0.2175
892.035	0.2045
892.452	0.2436
892.870	0.2193
893.287	0.2103
893.705	0.2473
894.122	0.2603
894.540	0.2548
894.958	0.2730
895.375	0.2090
895.793	0.2651
896.211	0.1893
896.629	0.1772
897.046	0.2368
897.464	0.2080
897.882	0.2526
898.300	0.2338
898.718	0.2849
899.136	0.2738
899.554	0.2394
899.972	0.2620
900.390	0.2618
900.809	0.2769
901.227	0.2338
901.645	0.2119
902.063	0.2810
902.482	0.3032
902.900	0.2079
903.318	0.2849
903.737	0.2408
904.155	0.2361
904.574	0.2276
904.992	0.2441
905.411	0.2486
905.829	0.2629
906.248	0.2276
906.667	0.1897
907.086	0.2831
907.504	0.2275
907.923	0.2636
908.342	0.2366
908.761	0.2672
909.180	0.2851
909.599	0.2112
910.018	0.2193
910.437	0.2430
910.856	0.2050
911.275	0.2743
911.694	0.2333
912.113	0.2394
912.532	0.2211
912.952	0.2271
913.371	0.2321
913.790	0.2203
914.210	0.2251
914.629	0.2176
915.049	0.2154
915.468	0.2629
915.888	0.2449
916.307	0.1734
916.727	0.2709
917.146	0.2348
917.566	0.2430
917.986	0.2465
918.406	0.2331
918.825	0.2648
919.245	0.2090
919.665	0.3079
920.085	0.2938
920.505	0.2936
920.925	0.2341
921.345	0.3568
921.765	0.2768
922.185	0.2724
922.605	0.2802
923.026	0.2544
923.446	0.3399
923.866	0.2823
924.286	0.3979
924.707	0.2227
925.127	0.2936
925.547	0.2398
925.968	0.2537
926.388	0.2437
926.809	0.2887
927.229	0.3087
927.650	0.2472
928.071	0.2863
928.491	0.2984
928.912	0.3479
929.333	0.2281
929.754	0.2678
930.175	0.2341
930.595	0.2383
931.016	0.2255
931.437	0.2596
931.858	0.2547
932.279	0.2934
932.700	0.2366
933.122	0.2354
933.543	0.2237
933.964	0.2574
934.385	0.2423
934.806	0.2361
935.228	0.1761
935.649	0.2530
936.070	0.1731
936.492	0.2068
936.913	0.2752
937.335	0.1440
937.756	0.3610
938.178	0.2330
938.600	0.2331
939.021	0.2173
939.443	0.2843
939.865	0.2788
940.286	0.2546
940.708	0.3530
941.130	0.2065
941.552	0.2243
941.974	0.2065
942.396	0.2974
942.818	0.2391
943.240	0.3050
943.662	0.1978
944.084	0.2478
944.507	0.2843
944.929	0.2545
945.351	0.4157
945.773	0.2898
946.196	0.1969
946.618	0.2626
947.041	0.3091
947.463	0.2452
947.886	0.3132
948.308	0.1487
948.731	0.2244
949.153	0.2663
949.576	0.2894
949.999	0.2972
950.421	0.2523
950.844	0.1783
951.267	0.2766
951.690	0.2694
952.113	0.4260
952.536	0.2071
952.959	0.2272
953.382	0.2389
953.805	0.1984
954.228	0.2747
954.651	0.2018
955.074	0.1990
955.498	0.3158
955.921	0.2486
956.344	0.2452
956.768	0.3464
957.191	0.1704
957.614	0.3460
958.038	0.2655
958.461	0.2536
958.885	0.2474
959.309	0.2341
959.732	0.2167
960.156	0.2405
960.580	0.3310
961.003	0.3680
961.427	0.2651
961.851	0.3046
962.275	0.3729
962.699	0.2587
963.123	0.2596
963.547	0.2488
963.971	0.2596
964.395	0.2414
964.819	0.1996
965.243	0.2758
965.668	0.3043
966.092	0.3226
966.516	0.2688
966.940	0.2142
967.365	0.2034
967.789	0.2537
968.214	0.2336
968.638	0.2335
969.063	0.2242
969.487	0.1726
969.912	0.2567
970.337	0.2515
970.761	0.2933
971.186	0.2749
971.611	0.2218
972.036	0.3278
972.461	0.3150
972.885	0.2626
973.310	0.3438
973.735	0.2574
974.161	0.1742
974.586	0.2553
975.011	0.2545
975.436	0.2430
975.861	0.3080
976.286	0.1952
976.712	0.2469
977.137	0.2730
977.562	0.1737
977.988	0.2711
