159.571	0.5643
159.963	0.3802
160.354	NaN
160.746	NaN
161.137	NaN
161.528	NaN
161.920	0.3424
162.311	0.3274
162.703	NaN
163.094	NaN
163.485	¡Þ
163.877	0.3617
164.268	0.3010
164.660	1.3617
165.051	0.8751
165.442	NaN
165.834	NaN
166.225	NaN
166.616	NaN
167.007	0.9379
167.399	¡Þ
167.790	NaN
168.181	NaN
168.573	0.4046
168.964	0.3144
169.355	1.3979
169.746	NaN
170.138	0.8451
170.529	1.2900
170.920	0.5563
171.311	0.6601
171.702	NaN
172.094	NaN
172.485	1.5185
172.876	0.7404
173.267	1.0280
173.658	0.8653
174.050	0.7901
174.441	NaN
174.832	1.1563
175.223	1.5911
175.614	0.7634
176.005	0.8361
176.396	NaN
176.787	NaN
177.179	1.2472
177.570	NaN
177.961	0.7270
178.352	0.5441
178.743	1.4843
179.134	1.3153
179.525	0.8893
179.916	1.0048
180.307	0.8081
180.698	0.9731
181.089	1.1343
181.480	NaN
181.871	NaN
182.262	1.1088
182.653	1.5563
183.044	1.4688
183.435	2.3892
183.826	1.6931
184.217	¡Þ
184.608	2.5378
184.999	2.2776
185.390	2.1346
185.781	NaN
186.172	NaN
186.563	¡Þ
186.954	2.4141
187.345	1.5813
187.736	2.7657
188.126	NaN
188.517	2.1139
188.908	¡Þ
189.299	1.9311
189.690	2.0905
190.081	2.4232
190.472	NaN
190.862	¡Þ
191.253	2.9624
191.644	2.2572
192.035	2.1290
192.426	1.9156
192.817	2.3084
193.207	NaN
193.598	¡Þ
193.989	2.3353
194.380	2.2010
194.771	2.5662
195.161	2.7712
195.552	2.4749
195.943	¡Þ
196.334	2.4764
196.724	2.6114
197.115	NaN
197.506	¡Þ
197.897	2.6226
198.287	2.6382
198.678	2.3551
199.069	2.8306
199.459	NaN
199.850	NaN
200.241	NaN
200.632	2.1529
201.022	2.3044
201.413	2.2675
201.804	NaN
202.194	NaN
202.585	3.1784
202.976	2.1221
203.366	2.8820
203.757	2.3880
204.147	NaN
204.538	NaN
204.929	2.5866
205.319	2.1948
205.710	2.4857
206.101	2.7132
206.491	2.8987
206.882	3.1827
207.272	3.1959
207.663	2.7143
208.053	2.1984
208.444	NaN
208.835	NaN
209.225	NaN
209.616	2.6053
210.006	2.7215
210.397	2.1657
210.787	NaN
211.178	NaN
211.568	NaN
211.959	2.7340
212.349	2.2923
212.740	NaN
213.130	NaN
213.521	3.2057
213.911	NaN
214.302	2.1236
214.692	2.9001
215.083	2.3064
215.473	3.2057
215.864	NaN
216.254	NaN
216.645	2.4222
217.035	3.2009
217.426	2.1595
217.816	NaN
218.206	NaN
218.597	2.3519
218.987	2.5996
219.378	2.3032
219.768	NaN
220.159	NaN
220.549	2.2092
220.939	2.2439
221.330	2.3574
221.720	¡Þ
222.111	¡Þ
222.501	3.2060
222.891	2.3617
223.282	¡Þ
223.672	2.2493
224.062	2.4319
224.453	NaN
224.843	NaN
225.233	2.7412
225.624	2.2752
226.014	2.7469
226.404	¡Þ
226.795	2.7477
227.185	NaN
227.575	NaN
227.966	2.1443
228.356	2.7464
228.746	2.6286
229.137	2.6120
229.527	3.2322
229.917	1.9835
230.308	2.4536
230.698	2.3302
231.088	2.3974
231.478	3.2477
231.869	2.6350
232.259	2.4564
232.649	2.1484
233.040	2.3449
233.430	NaN
233.820	2.9304
234.210	2.9425
234.601	NaN
234.991	2.6422
235.381	¡Þ
235.771	NaN
236.161	2.5492
236.552	NaN
236.942	2.3962
237.332	NaN
237.722	¡Þ
238.113	NaN
238.503	NaN
238.893	2.6422
239.283	2.0543
239.673	NaN
240.064	¡Þ
240.454	2.7713
240.844	NaN
241.234	3.2570
241.624	2.1372
242.014	2.2056
242.405	2.6551
242.795	2.9482
243.185	NaN
243.575	2.4790
243.965	2.3444
244.355	2.4798
244.746	NaN
245.136	NaN
245.526	2.2526
245.916	2.4800
246.306	2.3409
246.696	2.0699
247.086	2.7750
247.477	2.7769
247.867	2.9504
248.257	2.3505
248.647	2.0279
249.037	2.6561
249.427	2.9586
249.817	NaN
250.207	NaN
250.598	2.4021
250.988	2.6425
251.378	2.7774
251.768	NaN
252.158	NaN
252.548	NaN
252.938	2.1727
253.328	2.4007
253.718	NaN
254.108	NaN
254.498	2.2026
254.888	2.0763
255.279	2.2536
255.669	2.0789
256.059	2.4683
256.449	NaN
256.839	2.9528
257.229	2.1668
257.619	2.7619
258.009	¡Þ
258.399	¡Þ
258.789	¡Þ
259.179	2.7584
259.569	2.0869
259.959	NaN
260.349	2.6271
260.739	2.5258
261.129	2.9201
261.519	3.2276
261.909	2.3866
262.299	2.4404
262.689	NaN
263.079	NaN
263.469	NaN
263.859	2.7430
264.249	2.6144
264.639	2.3660
265.029	2.7390
265.419	¡Þ
265.810	3.2162
266.199	NaN
266.589	2.1287
266.979	2.4216
267.369	2.5024
267.759	2.7313
268.149	NaN
268.539	2.6018
268.929	2.4252
269.319	¡Þ
269.709	¡Þ
270.099	NaN
270.489	2.7235
270.879	2.0858
271.269	2.7204
271.659	2.2397
272.049	2.8963
272.439	NaN
272.829	1.9442
273.219	2.4308
273.609	3.2022
273.999	2.5925
274.389	NaN
274.779	2.5947
275.169	3.2003
275.559	2.5936
275.949	2.4202
276.339	2.7199
276.729	2.2884
277.119	1.9237
277.509	NaN
277.899	1.7985
278.289	2.2936
278.679	2.5916
279.069	2.9009
279.459	2.5897
279.849	1.9884
280.238	3.1937
280.628	2.2430
281.018	1.8462
281.408	2.2931
281.798	2.1895
282.188	1.8676
282.578	2.1219
282.968	2.0206
283.358	¡Þ
283.748	NaN
284.138	2.0808
284.528	2.0950
284.918	1.9635
285.308	2.1625
285.698	NaN
286.088	2.2526
286.478	2.0850
286.867	2.3427
287.257	1.9141
287.647	2.1644
288.037	2.1635
288.427	2.0176
288.817	1.8617
289.207	1.5742
289.597	1.7296
289.987	1.8356
290.377	1.7757
290.767	1.7146
291.157	1.6950
291.547	1.6340
291.937	1.6793
292.327	1.4709
292.716	1.6658
293.106	1.4814
293.496	1.4897
293.886	1.5060
294.276	1.3688
294.666	1.4343
295.056	1.4063
295.446	1.2919
295.836	1.3273
296.226	1.2846
296.616	1.2592
297.006	1.2374
297.396	1.1662
297.785	1.1584
298.175	1.1354
298.565	1.0896
298.955	1.1016
299.345	1.0827
299.735	1.0368
300.125	0.9968
300.515	0.9769
300.905	0.9208
301.295	0.9034
301.685	0.8873
302.075	0.8896
302.465	0.8623
302.854	0.8153
303.244	0.7839
303.634	0.7535
304.024	0.7310
304.414	0.7188
304.804	0.7002
305.194	0.6996
305.584	0.6768
305.974	0.6668
306.364	0.6663
306.754	0.6317
307.144	0.6030
307.534	0.5828
307.924	0.5736
308.314	0.5550
308.703	0.5563
309.093	0.5188
309.483	0.4993
309.873	0.4946
310.263	0.4883
310.653	0.4774
311.043	0.4588
311.433	0.4255
311.823	0.4214
312.213	0.4034
312.603	0.3736
312.993	0.4021
313.383	0.3868
313.773	0.3697
314.163	0.3610
314.553	0.3462
314.943	0.3505
315.332	0.3347
315.722	0.3114
316.112	0.2992
316.502	0.3083
316.892	0.2885
317.282	0.2819
317.672	0.2824
318.062	0.2583
318.452	0.2654
318.842	0.2632
319.232	0.2335
319.622	0.2256
320.012	0.2337
320.402	0.2338
320.792	0.2060
321.182	0.2566
321.572	0.2170
321.962	0.1962
322.352	0.1984
322.742	0.1906
323.132	0.1901
323.522	0.1686
323.912	0.1727
324.302	0.1761
324.692	0.1664
325.082	0.1548
325.472	0.1385
325.862	0.1358
326.252	0.1468
326.642	0.1445
327.032	0.1381
327.422	0.1307
327.812	0.1375
328.202	0.1257
328.592	0.1189
328.982	0.1122
329.372	0.1241
329.762	0.1014
330.152	0.1050
330.542	0.0991
330.932	0.0977
331.322	0.1006
331.712	0.1172
332.102	0.0741
332.492	0.1048
332.882	0.0819
333.272	0.0898
333.662	0.0823
334.052	0.0907
334.442	0.0708
334.832	0.0884
335.222	0.0826
335.612	0.0968
336.002	0.0818
336.392	0.0829
336.782	0.0566
337.172	0.0644
337.562	0.0779
337.952	0.0705
338.342	0.0474
338.733	0.0754
339.123	0.0406
339.513	0.0609
339.903	0.0727
340.293	0.0686
340.683	0.0652
341.073	0.0557
341.463	0.0465
341.853	0.0682
342.243	0.0534
342.633	0.0598
343.023	0.0980
343.413	0.0657
343.804	-0.0012
344.194	-0.0809
344.584	-0.0008
344.974	0.0894
345.364	0.0887
345.754	0.0396
346.144	0.0678
346.534	0.0441
346.924	0.0344
347.315	0.0359
347.705	0.0344
348.095	0.0878
348.485	0.0933
348.875	0.0125
349.265	-0.0540
349.655	0.0041
350.046	0.0756
350.436	0.0675
350.826	0.0237
351.216	0.0414
351.606	0.0441
351.996	0.0486
352.387	0.0316
352.777	0.0195
353.167	0.0154
353.557	0.0234
353.947	0.0458
354.337	0.0338
354.728	0.0409
355.118	0.0273
355.508	0.0251
355.898	0.0071
356.288	0.0293
356.679	0.0408
357.069	0.0194
357.459	0.0402
357.849	0.0361
358.240	0.0230
358.630	0.0475
359.020	0.0275
359.410	0.0222
359.801	0.0294
360.191	0.0487
360.581	0.0274
360.971	0.0166
361.362	0.0408
361.752	0.0461
362.142	0.0099
362.532	0.0426
362.923	0.0327
363.313	-0.0008
363.703	0.0227
364.093	0.0117
364.484	0.0132
364.874	-0.0033
365.264	0.0287
365.655	0.0309
366.045	0.0258
366.435	0.0076
366.826	0.0285
367.216	0.0423
367.606	0.0153
367.996	0.0419
368.387	-0.0071
368.777	0.0112
369.168	0.0046
369.558	0.0362
369.948	0.0232
370.339	0.0126
370.729	0.0106
371.119	0.0112
371.510	0.0142
371.900	0.0469
372.290	0.0220
372.681	0.0226
373.071	0.0109
373.462	0.0330
373.852	0.0314
374.242	0.0076
374.633	0.0104
375.023	-0.0046
375.414	0.0193
375.804	0.0120
376.195	0.0200
376.585	0.0165
376.975	0.0018
377.366	0.0180
377.756	0.0157
378.147	0.0283
378.537	0.0177
378.928	0.0251
379.318	0.0565
379.709	0.0238
380.099	0.0524
380.490	0.0230
380.880	0.0407
381.271	0.0102
381.661	0.0397
382.052	0.0092
382.442	0.0310
382.833	0.0301
383.223	0.0439
383.614	0.0249
384.004	0.0133
384.395	0.0205
384.785	0.0346
385.176	0.0355
385.566	0.0076
385.957	0.0258
386.347	0.0359
386.738	0.0097
387.129	0.0293
387.519	0.0317
387.910	0.0368
388.300	0.0133
388.691	0.0351
389.082	0.0380
389.472	0.0285
389.863	0.0217
390.253	0.0510
390.644	0.0226
391.035	0.0102
391.425	0.0277
391.816	0.0075
392.207	0.0306
392.597	0.0221
392.988	0.0251
393.379	-0.0009
393.769	0.0199
394.160	-0.0058
394.551	-0.0069
394.941	0.0244
395.332	0.0243
395.723	0.0170
396.114	0.0450
396.504	0.0220
396.895	0.0339
397.286	0.0322
397.676	0.0160
398.067	0.0173
398.458	0.0254
398.849	0.0392
399.240	0.0362
399.630	0.0215
400.021	0.0133
400.412	0.0243
400.803	0.0109
401.193	0.0412
401.584	0.0000
401.975	0.0093
402.366	0.0402
402.757	0.0021
403.148	0.0113
403.538	0.0097
403.929	0.0253
404.320	-0.0169
404.711	0.0141
405.102	0.0220
405.493	0.0701
405.884	0.0065
406.274	0.0236
406.665	0.0335
407.056	-0.0010
407.447	0.0169
407.838	0.0221
408.229	0.0308
408.620	0.0224
409.011	0.0107
409.402	-0.0054
409.793	0.0042
410.184	-0.0021
410.575	0.0096
410.966	0.0319
411.357	0.0280
411.748	0.0282
412.139	0.0010
412.530	0.0055
412.921	0.0500
413.312	0.0120
413.703	0.0453
414.094	0.0340
414.485	0.0354
414.876	0.0193
415.267	-0.0022
415.658	0.0142
416.049	0.0033
416.440	-0.0011
416.831	0.0307
417.222	-0.0066
417.613	0.0023
418.004	0.0178
418.395	0.0043
418.787	0.0130
419.178	0.0320
419.569	0.0065
419.960	0.0306
420.351	0.0189
420.742	0.0186
421.133	-0.0010
421.525	0.0062
421.916	0.0359
422.307	0.0073
422.698	0.0182
423.089	0.0102
423.481	-0.0100
423.872	0.0420
424.263	0.0520
424.654	0.0133
425.046	0.0220
425.437	0.0272
425.828	0.0488
426.219	0.0079
426.611	0.0245
427.002	0.0282
427.393	0.0109
427.785	0.0365
428.176	0.0241
428.567	0.0000
428.958	0.0166
429.350	0.0076
429.741	0.0159
430.133	0.0128
430.524	0.0291
430.915	0.0056
431.307	0.0201
431.698	0.0103
432.089	0.0102
432.481	0.0069
432.872	0.0731
433.264	0.0480
433.655	0.0094
434.047	0.0614
434.438	0.0175
434.829	-0.0100
435.221	0.0022
435.612	0.0260
436.004	0.0251
436.395	0.0347
436.787	-0.0118
437.178	0.0059
437.570	-0.0024
437.961	0.0177
438.353	0.0396
438.744	-0.0011
439.136	0.0193
439.528	-0.0076
439.919	-0.0041
440.311	0.0471
440.702	0.0298
441.094	0.0148
441.486	0.0263
441.877	0.0032
442.269	0.0152
442.660	0.0107
443.052	0.0296
443.444	0.0193
443.835	0.0272
444.227	-0.0022
444.619	0.0359
445.010	0.0439
445.402	0.0291
445.794	-0.0054
446.186	0.0449
446.577	-0.0163
446.969	0.0669
447.361	0.0150
447.753	0.0420
448.144	0.0312
448.536	0.0278
448.928	0.0185
449.320	0.0301
449.711	0.0081
450.103	0.0229
450.495	0.0448
450.887	0.0195
451.279	0.0283
451.671	0.0599
452.062	0.0562
452.454	0.0589
452.846	0.0106
453.238	0.0106
453.630	-0.0342
454.022	0.0207
454.414	0.0356
454.806	0.0525
455.198	0.0222
455.590	0.0129
455.982	0.0047
456.374	0.0071
456.766	0.0415
457.158	0.0138
457.550	0.0255
457.942	0.0258
458.334	0.0024
458.726	0.0296
459.118	0.0085
459.510	0.0026
459.902	0.0176
460.294	-0.0089
460.686	0.0176
461.078	0.0090
461.470	0.0199
461.862	0.0137
462.254	0.0301
462.647	0.0235
463.039	0.0429
463.431	0.0110
463.823	0.0024
464.215	-0.0327
464.607	0.0324
465.000	-0.0037
465.392	0.0521
465.784	0.0104
466.176	0.0066
466.569	0.0202
466.961	-0.0272
467.353	-0.0111
467.745	0.0071
468.138	0.0015
468.530	-0.0056
468.922	0.0236
469.315	0.0206
469.707	-0.0415
470.099	0.0332
470.492	0.0220
470.884	0.0271
471.276	0.0257
471.669	0.0268
472.061	0.0219
472.453	0.0644
472.846	0.0122
473.238	0.0101
473.631	0.0323
474.023	0.0360
474.416	0.0515
474.808	0.0349
475.201	0.0318
475.593	0.0057
475.986	-0.0164
476.378	0.0565
476.771	0.0191
477.163	0.0042
477.556	0.0057
477.948	-0.0240
478.341	0.0182
478.733	0.0093
479.126	0.0187
479.519	0.0113
479.911	0.0000
480.304	0.0226
480.697	0.0386
481.089	0.0169
481.482	0.0163
481.875	0.0100
482.267	0.0026
482.660	-0.0062
483.053	-0.0255
483.445	0.0071
483.838	0.0027
484.231	0.0094
484.624	0.0059
485.016	0.0174
485.409	0.0487
485.802	0.0261
486.195	0.0370
486.588	0.0305
486.980	-0.0083
487.373	-0.0238
487.766	0.0146
488.159	-0.0046
488.552	-0.0108
488.945	-0.0016
489.338	-0.0045
489.731	0.0257
490.124	0.0167
490.517	0.0560
490.909	0.0227
491.302	0.0114
491.695	0.0239
492.088	0.0145
492.481	-0.0106
492.874	0.0171
493.267	0.0015
493.661	0.0087
494.054	0.0275
494.447	-0.0322
494.840	-0.0106
495.233	0.0238
495.626	-0.0031
496.019	0.0042
496.412	0.0260
496.805	-0.0091
497.198	0.0505
497.592	0.0245
497.985	0.0415
498.378	0.0088
498.771	0.0131
499.164	0.0252
499.558	0.0362
499.951	0.0560
500.344	-0.0179
500.737	0.0044
501.131	-0.0087
501.524	0.0071
501.917	0.0425
502.311	-0.0093
502.704	-0.0030
503.097	0.0076
503.491	0.0267
503.884	0.0248
504.277	-0.0077
504.671	-0.0240
505.064	0.0031
505.458	0.0000
505.851	-0.0079
506.245	0.0169
506.638	0.0031
507.031	0.0095
507.425	0.0246
507.818	0.0207
508.212	0.0061
508.605	-0.0088
508.999	0.0330
509.393	0.0045
509.786	-0.0218
510.180	0.0422
510.573	0.0239
510.967	0.0497
511.361	0.0238
511.754	-0.0031
512.148	0.0063
512.542	0.0286
512.935	0.0473
513.329	0.0571
513.723	0.0593
514.116	0.1075
514.510	0.0576
514.904	-0.0301
515.298	0.0286
515.691	0.0153
516.085	0.0138
516.479	-0.0196
516.873	0.0398
517.267	0.0542
517.660	0.0191
518.054	0.0599
518.448	0.0213
518.842	0.0159
519.236	0.0214
519.630	0.0528
520.024	0.0267
520.418	0.0361
520.812	0.0353
521.206	0.0206
521.600	0.0339
521.994	0.0475
522.388	0.0348
522.782	0.0232
523.176	0.0016
523.570	0.0397
523.964	0.0140
524.358	0.0085
524.752	0.0399
525.146	-0.0108
525.540	0.0031
525.934	0.0227
526.329	0.0519
526.723	0.0335
527.117	0.0487
527.511	0.0031
527.905	0.0220
528.300	0.0030
528.694	0.0354
529.088	0.0261
529.482	-0.0062
529.877	0.0016
530.271	-0.0203
530.665	0.0129
531.060	0.0464
531.454	-0.0086
531.848	0.0170
532.243	0.0220
532.637	0.0418
533.031	0.0123
533.426	-0.0087
533.820	0.0510
534.215	0.0462
534.609	0.0015
535.004	0.0469
535.398	0.0059
535.793	0.0342
536.187	0.0273
536.582	0.0087
536.976	0.0015
537.371	0.0027
537.766	0.0269
538.160	0.0236
538.555	0.0234
538.949	0.0495
539.344	0.0088
539.739	-0.0070
540.133	0.0214
540.528	-0.0014
540.923	0.0411
541.317	0.0522
541.712	0.0157
542.107	0.0128
542.502	0.0257
542.897	-0.0137
543.291	-0.0073
543.686	0.0227
544.081	0.0238
544.476	0.0225
544.871	-0.0238
545.266	0.0086
545.661	-0.0027
546.055	0.0415
546.450	0.0072
546.845	0.0041
547.240	0.0028
547.635	0.0385
548.030	-0.0155
548.425	0.0296
548.820	0.0394
549.215	-0.0490
549.610	0.0255
550.005	0.0175
550.400	-0.0030
550.796	0.0400
551.191	0.0281
551.586	0.0302
551.981	0.0142
552.376	-0.0059
552.771	0.0072
553.166	-0.0029
553.562	0.0179
553.957	0.0014
554.352	0.0173
554.747	0.0600
555.143	0.0028
555.538	0.0270
555.933	0.0118
556.329	-0.0215
556.724	0.0171
557.119	0.0042
557.515	0.0203
557.910	0.0013
558.306	-0.0120
558.701	-0.0081
559.096	-0.0082
559.492	-0.0267
559.887	-0.0027
560.283	-0.0026
560.678	-0.0211
561.074	0.0054
561.469	0.0121
561.865	0.0284
562.260	-0.0284
562.656	-0.0194
563.052	0.0080
563.447	-0.0208
563.843	-0.0135
564.239	0.0231
564.634	-0.0077
565.030	-0.0035
565.426	-0.0311
565.821	-0.0047
566.217	-0.0293
566.613	0.0086
567.009	0.0010
567.405	-0.0059
567.800	-0.0195
568.196	0.0044
568.592	-0.0151
568.988	-0.0147
569.384	-0.0104
569.780	-0.0180
570.176	0.0050
570.572	-0.0081
570.967	-0.0031
571.363	-0.0258
571.759	-0.0022
572.155	-0.0087
572.551	-0.0274
572.948	0.0081
573.344	-0.0087
573.740	-0.0007
574.136	-0.0029
574.532	0.0132
574.928	0.0020
575.324	0.0160
575.720	-0.0110
576.116	0.0104
576.513	0.0042
576.909	0.0062
577.305	0.0019
577.701	-0.0101
578.098	0.0161
578.494	0.0048
578.890	-0.0051
579.286	-0.0165
579.683	0.0157
580.079	0.0042
580.475	0.0038
580.872	0.0080
581.268	-0.0163
581.665	-0.0125
582.061	0.0027
582.458	0.0067
582.854	0.0147
583.251	-0.0199
583.647	-0.0026
584.044	0.0000
584.440	-0.0075
584.837	0.0111
585.233	0.0201
585.630	0.0122
586.027	0.0041
586.423	0.0195
586.820	0.0170
587.217	0.0337
587.613	0.0190
588.010	-0.0231
588.407	-0.0008
588.804	-0.0017
589.200	-0.0043
589.597	0.0000
589.994	-0.0079
590.391	-0.0078
590.788	-0.0124
591.184	-0.0082
591.581	-0.0158
591.978	0.0167
592.375	0.0072
592.772	-0.0023
593.169	0.0098
593.566	-0.0015
593.963	0.0182
594.360	0.0241
594.757	0.0194
595.154	-0.0157
595.551	-0.0035
595.948	0.0051
596.345	-0.0024
596.742	-0.0119
597.140	0.0092
597.537	0.0082
597.934	-0.0420
598.331	-0.0037
598.728	-0.0008
599.125	-0.0116
599.523	-0.0129
599.920	-0.0007
600.317	0.0082
600.715	-0.0214
601.112	0.0220
601.509	-0.0091
601.907	0.0200
602.304	0.0023
602.702	-0.0251
603.099	0.0254
603.496	0.0086
603.894	0.0017
604.291	-0.0055
604.689	-0.0156
605.086	-0.0219
605.484	-0.0150
605.882	-0.0081
606.279	0.0152
606.677	-0.0079
607.074	0.0128
607.472	-0.0061
607.870	0.0008
608.267	-0.0067
608.665	-0.0275
609.063	0.0151
609.461	-0.0145
609.858	-0.0224
610.256	0.0061
610.654	0.0187
611.052	-0.0160
611.449	0.0009
611.847	0.0109
612.245	0.0166
612.643	0.0421
613.041	0.0324
613.439	0.0127
613.837	0.0176
614.235	0.0112
614.633	0.0220
615.031	0.0018
615.429	-0.0141
615.827	-0.0357
616.225	-0.0197
616.623	0.0162
617.021	0.0483
617.419	0.0378
617.818	0.0965
618.216	0.1050
618.614	0.0085
619.012	-0.0293
619.410	-0.0296
619.809	-0.0123
620.207	-0.0030
620.605	-0.0336
621.004	-0.0119
621.402	-0.0573
621.800	0.0116
622.199	0.0633
622.597	-0.0160
622.996	-0.0837
623.394	-0.0726
623.792	-0.0323
624.191	0.0209
624.589	0.0092
624.988	0.0095
625.387	-0.0200
625.785	-0.0206
626.184	0.0131
626.582	0.0111
626.981	0.0268
627.380	0.0000
627.778	0.0154
628.177	-0.0134
628.576	-0.0046
628.974	0.0046
629.373	-0.0035
629.772	0.0172
630.171	0.0149
630.570	0.0247
630.968	0.0676
631.367	0.0469
631.766	0.0371
632.165	0.0067
632.564	0.0310
632.963	0.0076
633.362	0.0144
633.761	0.0372
634.160	0.0000
634.559	0.0247
634.958	-0.0087
635.357	-0.0067
635.756	0.0324
636.155	0.0104
636.554	0.0194
636.954	0.0081
637.353	0.0313
637.752	0.0105
638.151	0.0189
638.550	-0.0037
638.950	-0.0012
639.349	-0.0100
639.748	0.0073
640.148	0.0108
640.547	0.0109
640.946	0.0156
641.346	-0.0051
641.745	0.0113
642.145	-0.0039
642.544	-0.0180
642.943	-0.0109
643.343	-0.0452
643.742	-0.0383
644.142	0.0051
644.542	-0.0136
644.941	0.0276
645.341	-0.0024
645.740	0.0047
646.140	-0.0047
646.540	0.0311
646.940	0.0037
647.339	0.0095
647.739	-0.0036
648.139	0.0453
648.539	0.0158
648.938	0.0090
649.338	0.0395
649.738	0.0258
650.138	0.0036
650.538	0.0035
650.938	-0.0049
651.338	0.0034
651.738	0.0081
652.138	-0.0401
652.538	-0.0430
652.938	-0.0496
653.338	-0.0291
653.738	-0.0106
654.138	0.0072
654.538	0.0182
654.938	0.0252
655.338	0.0221
655.739	0.0491
656.139	0.0480
656.539	0.0282
656.939	-0.0044
657.339	0.0074
657.740	0.0177
658.140	-0.0079
658.540	0.0154
658.941	0.0183
659.341	-0.0141
659.742	-0.0064
660.142	-0.0077
660.542	0.0098
660.943	-0.0038
661.343	-0.0167
661.744	-0.0171
662.145	-0.0293
662.545	0.0174
662.946	0.0112
663.346	0.0211
663.747	0.0297
664.148	0.0290
664.548	0.0012
664.949	0.0348
665.350	-0.0059
665.751	0.0327
666.151	-0.0108
666.552	0.0185
666.953	0.0097
667.354	-0.0348
667.755	-0.0237
668.156	0.0035
668.557	0.0222
668.958	-0.0047
669.358	-0.0158
669.759	-0.0396
670.160	0.0177
670.562	0.0070
670.963	0.0194
671.364	-0.0129
671.765	0.0166
672.166	-0.0035
672.567	0.0111
672.968	0.0095
673.369	-0.0098
673.771	-0.0074
674.172	-0.0123
674.573	-0.0306
674.975	0.0132
675.376	-0.0215
675.777	-0.0313
676.179	-0.0142
676.580	-0.0036
676.981	-0.0163
677.383	-0.0147
677.784	0.0211
678.186	0.0305
678.587	0.0297
678.989	0.0195
679.390	-0.0139
679.792	0.0012
680.194	0.0035
680.595	0.0332
680.997	0.0223
681.398	0.0045
681.800	-0.0136
682.202	0.0056
682.604	-0.0207
683.006	-0.0096
683.407	-0.0198
683.809	-0.0161
684.211	-0.0032
684.613	-0.0102
685.015	-0.0273
685.417	-0.0110
685.819	-0.0077
686.221	-0.0085
686.623	0.0032
687.025	-0.0385
687.427	-0.0156
687.829	0.0164
688.231	0.0032
688.633	-0.0175
689.035	0.0032
689.437	0.0238
689.839	0.0155
690.242	0.0246
690.644	-0.0011
691.046	0.0257
691.448	0.0333
691.851	0.0137
692.253	0.0422
692.656	0.0105
693.058	0.0070
693.460	0.0048
693.863	0.0046
694.265	0.0058
694.668	-0.0189
695.070	0.0011
695.473	0.0432
695.875	0.0011
696.278	0.0075
696.681	-0.0022
697.083	0.0113
697.486	-0.0078
697.889	-0.0135
698.291	-0.0350
698.694	0.0349
699.097	0.0300
699.500	0.0081
699.902	0.0115
700.305	0.0220
700.708	0.0385
701.111	0.0487
701.514	0.0317
701.917	0.0082
702.320	0.0377
702.723	0.0175
703.126	0.0071
703.529	0.0179
703.932	0.0081
704.335	0.0159
704.738	-0.0235
705.141	0.0206
705.545	0.0000
705.948	0.0107
706.351	0.0207
706.754	-0.0135
707.157	0.0055
707.561	0.0332
707.964	0.0455
708.367	-0.0045
708.771	0.0196
709.174	-0.0011
709.578	0.0490
709.981	0.0023
710.385	0.0251
710.788	-0.0112
711.192	-0.0057
711.595	-0.0055
711.999	0.0033
712.402	-0.0166
712.806	0.0140
713.210	0.0104
713.613	-0.0147
714.017	0.0332
714.421	0.0012
714.825	0.0255
715.229	0.0298
715.632	0.0165
716.036	-0.0143
716.440	-0.0069
716.844	0.0203
717.248	-0.0156
717.652	0.0307
718.056	0.0264
718.460	0.0311
718.864	0.0056
719.268	-0.0357
719.672	0.0138
720.076	-0.0094
720.480	-0.0188
720.884	-0.0240
721.289	-0.0058
721.693	0.0103
722.097	0.0164
722.501	-0.0209
722.906	-0.0035
723.310	-0.0174
723.714	-0.0045
724.119	0.0067
724.523	0.0034
724.927	-0.0093
725.332	-0.0214
725.736	0.0151
726.141	-0.0229
726.545	0.0257
726.950	-0.0246
727.355	-0.0048
727.759	0.0000
728.164	0.0102
728.569	-0.0393
728.973	0.0202
729.378	-0.0375
729.783	-0.0302
730.188	-0.0157
730.592	-0.0484
730.997	0.0123
731.402	0.0365
731.807	0.0232
732.212	0.0149
732.617	-0.0159
733.022	0.0107
733.427	0.0000
733.832	0.0424
734.237	0.0212
734.642	0.0122
735.047	0.0480
735.452	0.0270
735.857	0.0127
736.263	0.0412
736.668	0.0146
737.073	0.0034
737.478	-0.0113
737.884	-0.0166
738.289	0.0068
738.694	-0.0054
739.100	-0.0418
739.505	-0.0112
739.911	-0.0254
740.316	0.0036
740.721	0.0083
741.127	-0.0154
741.532	0.0245
741.938	-0.0024
742.344	-0.0133
742.749	-0.0188
743.155	-0.0304
743.561	-0.0125
743.966	-0.0129
744.372	-0.0387
744.778	-0.0059
745.184	-0.0300
745.590	0.0013
745.995	0.0035
746.401	-0.0115
746.807	-0.0136
747.213	-0.0163
747.619	0.0069
748.025	-0.0045
748.431	-0.0283
748.837	0.0068
749.243	0.0230
749.649	-0.0070
750.056	-0.0081
750.462	0.0454
750.868	0.0463
751.274	0.0367
751.680	0.0552
752.087	0.0182
752.493	0.0221
752.899	0.0260
753.306	0.0105
753.712	-0.0056
754.119	0.0125
754.525	-0.0136
754.932	0.0451
755.338	0.0398
755.744	0.0152
756.151	0.0185
756.558	0.0062
756.964	-0.0126
757.371	0.0139
757.778	0.0094
758.184	0.0242
758.591	-0.0010
758.998	0.0364
759.405	0.0000
759.811	0.0043
760.218	-0.0121
760.625	-0.0099
761.032	-0.0213
761.439	-0.0065
761.846	0.0062
762.253	0.0170
762.660	-0.0151
763.067	-0.0101
763.474	0.0216
763.881	0.0342
764.289	0.0231
764.696	0.0489
765.103	0.0321
765.510	0.0152
765.917	0.0045
766.325	0.0454
766.732	0.0189
767.139	0.0415
767.547	0.0303
767.954	0.0431
768.362	0.0032
768.769	0.0405
769.177	0.0173
769.584	0.0303
769.992	0.0056
770.399	-0.0065
770.807	0.0204
771.215	-0.0186
771.622	0.0444
772.030	0.0154
772.438	0.0083
772.845	0.0125
773.253	0.0244
773.661	0.0024
774.069	0.0271
774.477	0.0186
774.885	0.0376
775.293	0.0245
775.701	0.0230
776.109	0.0210
776.517	0.0412
776.925	0.0387
777.333	-0.0026
777.741	-0.0064
778.149	0.0442
778.557	0.0090
778.965	-0.0159
779.374	0.0037
779.782	0.0243
780.190	-0.0217
780.599	0.0085
781.007	0.0432
781.415	0.0131
781.824	0.0342
782.232	-0.0309
782.641	0.0207
783.049	0.0292
783.458	0.0162
783.866	-0.0067
784.275	-0.0053
784.684	0.0191
785.092	0.0192
785.501	0.0451
785.910	0.0587
786.318	0.0423
786.727	0.0149
787.136	0.0330
787.545	0.0401
787.954	0.0341
788.363	0.0323
788.772	0.0464
789.181	-0.0086
789.590	-0.0246
789.999	-0.0158
790.408	0.0088
790.817	-0.0331
791.226	-0.0272
791.635	0.0027
792.044	-0.0443
792.454	-0.0094
792.863	0.0116
793.272	-0.0211
793.681	0.0209
794.091	-0.0014
794.500	-0.0297
794.910	-0.0331
795.319	-0.0061
795.728	0.0000
796.138	-0.0276
796.547	-0.0058
796.957	-0.0462
797.367	0.0046
797.776	-0.0334
798.186	-0.0344
798.596	-0.0102
799.005	0.0288
799.415	-0.0043
799.825	0.0014
800.235	-0.0106
800.644	-0.0191
801.054	-0.0278
801.464	-0.0346
801.874	-0.0247
802.284	-0.0464
802.694	-0.0015
803.104	0.0016
803.514	-0.0107
803.924	-0.0128
804.334	0.0250
804.745	-0.0075
805.155	-0.0162
805.565	0.0191
805.975	0.0335
806.386	-0.0269
806.796	-0.0401
807.206	0.0139
807.617	0.0108
808.027	0.0150
808.438	0.0030
808.848	0.0210
809.258	0.0000
809.669	0.0621
810.080	0.0000
810.490	0.0304
810.901	0.0257
811.312	0.0193
811.722	0.0213
812.133	0.0065
812.544	-0.0065
812.954	0.0408
813.365	-0.0267
813.776	0.0216
814.187	0.0512
814.598	0.0381
815.009	0.0510
815.420	-0.0131
815.831	-0.0456
816.242	-0.0175
816.653	0.0000
817.064	0.0000
817.475	-0.0201
817.887	-0.0034
818.298	-0.0121
818.709	0.0174
819.120	0.0302
819.532	0.0099
819.943	0.0034
820.354	0.0246
820.766	-0.0031
821.177	0.0017
821.589	0.0519
822.000	0.0034
822.412	0.0518
822.823	0.0391
823.235	-0.0270
823.647	0.0138
824.058	0.0472
824.470	0.0152
824.882	0.0171
825.293	0.0130
825.705	0.0532
826.117	0.0544
826.529	0.0224
826.941	0.0068
827.353	0.0170
827.765	-0.0171
828.177	0.0404
828.589	0.0350
829.001	0.0126
829.413	0.0164
829.825	0.0107
830.237	0.0384
830.649	0.0236
831.062	0.0322
831.474	0.0261
831.886	-0.0169
832.299	0.0169
832.711	-0.0423
833.123	-0.0326
833.536	0.0000
833.948	-0.0033
834.361	0.0157
834.773	-0.0238
835.186	0.0018
835.599	0.0091
836.011	-0.0293
836.424	0.0121
836.837	0.0146
837.249	0.0055
837.662	0.0300
838.075	-0.0113
838.488	0.0279
838.901	0.0651
839.313	-0.0101
839.726	-0.0174
840.139	-0.0148
840.552	-0.0183
840.965	0.0490
841.378	0.0264
841.792	-0.0223
842.205	0.0173
842.618	-0.0365
843.031	0.0019
843.444	0.0279
843.858	-0.0243
844.271	0.0339
844.684	0.0058
845.098	0.0342
845.511	0.0199
845.924	0.0019
846.338	-0.0292
846.752	-0.0253
847.165	-0.0190
847.579	-0.0115
847.992	-0.0354
848.406	-0.0139
848.820	-0.0323
849.233	-0.0509
849.647	-0.0039
850.061	-0.0300
850.475	-0.0374
850.888	0.0177
851.302	-0.0563
851.716	0.0071
852.130	0.0000
852.544	0.0580
852.958	0.0395
853.372	0.0623
853.786	0.0312
854.201	-0.0056
854.615	-0.0057
855.029	0.0283
855.443	0.0308
855.858	0.0434
856.272	0.0566
856.686	0.0000
857.100	0.0493
857.515	0.0781
857.929	-0.0159
858.344	0.0220
858.758	-0.0060
859.173	0.0418
859.588	0.0474
860.002	0.0078
860.417	0.0471
860.831	0.0765
861.246	-0.0021
861.661	0.0105
862.076	0.0524
862.491	-0.0120
862.906	-0.0021
863.320	0.0000
863.735	0.0080
864.150	-0.0041
864.565	-0.0041
864.980	0.0305
865.395	0.0601
865.811	0.0038
866.226	-0.0127
866.641	0.0192
867.056	0.0114
867.471	0.0103
867.887	0.0256
868.302	-0.0204
868.717	-0.0174
869.133	0.0082
869.548	0.0522
869.964	0.0354
870.379	0.0603
870.795	0.0305
871.210	0.0121
871.626	0.0099
872.042	-0.0066
872.457	0.0471
872.873	0.0102
873.289	0.0412
873.704	0.0137
874.120	-0.0042
874.536	0.0272
874.952	0.0041
875.368	0.0104
875.784	0.0237
876.200	0.0211
876.616	0.0297
877.032	0.0059
877.448	-0.0040
877.864	0.0273
878.280	0.0330
878.697	-0.0081
879.113	0.0234
879.529	0.0099
879.945	0.0438
880.362	0.0265
880.778	0.0147
881.195	0.0438
881.611	0.0208
882.028	-0.0085
882.444	0.0128
882.861	0.0389
883.277	0.0000
883.694	0.0086
884.111	-0.0047
884.528	0.0062
884.944	-0.0580
885.361	-0.0039
885.778	-0.0254
886.195	-0.0020
886.612	0.0078
887.029	0.0238
887.446	0.0414
887.863	0.0330
888.280	0.0215
888.697	0.0696
889.114	0.0263
889.531	0.0114
889.948	0.0253
890.366	0.0150
890.783	0.0186
891.200	-0.0202
891.618	0.0381
892.035	0.0831
892.452	0.0098
892.870	0.0336
893.287	-0.0140
893.705	-0.0038
894.122	-0.0038
894.540	0.0514
894.958	0.0095
895.375	0.0256
895.793	-0.0301
896.211	-0.0064
896.629	0.0229
897.046	-0.0080
897.464	0.0474
897.882	0.0022
898.300	0.0448
898.718	0.0800
899.136	0.0439
899.554	0.0399
899.972	0.0259
900.390	-0.0022
900.809	0.0152
901.227	0.0386
901.645	0.0280
902.063	0.0690
902.482	0.0124
902.900	-0.0196
903.318	0.0024
903.737	0.0248
904.155	0.0192
904.574	0.0084
904.992	-0.0224
905.411	-0.0219
905.829	-0.0258
906.248	0.0130
906.667	0.0183
907.086	0.0207
907.504	-0.0048
907.923	-0.0044
908.342	0.0000
908.761	0.0118
909.180	-0.0024
909.599	0.0309
910.018	-0.0045
910.437	0.0023
910.856	-0.0099
911.275	-0.0430
911.694	0.0178
912.113	-0.0307
912.532	-0.0184
912.952	-0.0423
913.371	0.0000
913.790	0.0000
914.210	0.0452
914.629	0.0053
915.049	0.0392
915.468	0.0364
915.888	0.0446
916.307	0.0471
916.727	-0.0409
917.146	-0.0097
917.566	-0.0126
917.986	0.0122
918.406	0.0801
918.825	0.0704
919.245	0.0392
919.665	0.0049
920.085	-0.0144
920.505	0.0300
920.925	-0.0108
921.345	-0.0167
921.765	0.0307
922.185	0.0000
922.605	0.0364
923.026	0.0189
923.446	0.0172
923.866	0.0196
924.286	0.0132
924.707	0.0173
925.127	0.0248
925.547	0.0028
925.968	0.0171
926.388	-0.0028
926.809	-0.0052
927.229	-0.0291
927.650	-0.0183
928.071	0.0050
928.491	-0.0081
928.912	0.0911
929.333	0.0689
929.754	0.0373
930.175	0.0163
930.595	0.0608
931.016	0.0232
931.437	0.0812
931.858	0.0268
932.279	-0.0079
932.700	0.0452
933.122	0.0179
933.543	-0.0110
933.964	-0.0117
934.385	-0.0423
934.806	0.0302
935.228	-0.0386
935.649	0.0088
936.070	0.0190
936.492	-0.0237
936.913	0.0383
937.335	0.0034
937.756	0.0417
938.178	0.0759
938.600	0.0169
939.021	0.0542
939.443	0.0559
939.865	-0.0485
940.286	0.0590
940.708	0.0140
941.130	-0.0107
941.552	-0.0114
941.974	-0.0458
942.396	0.0254
942.818	0.0119
943.240	0.0076
943.662	-0.0502
944.084	-0.0229
944.507	-0.0534
944.929	0.0283
945.351	0.0755
945.773	-0.0040
946.196	0.0531
946.618	-0.0536
947.041	0.0128
947.463	-0.0596
947.886	0.1024
948.308	0.0538
948.731	-0.0422
949.153	-0.0355
949.576	-0.0393
949.999	0.0050
950.421	0.0541
950.844	-0.0507
951.267	0.0231
951.690	-0.0392
952.113	0.0170
952.536	0.0506
952.959	0.0402
953.382	0.0425
953.805	0.0531
954.228	-0.0038
954.651	0.0548
955.074	-0.0080
955.498	0.0291
955.921	-0.0237
956.344	0.0356
956.768	0.0591
957.191	0.0395
957.614	0.0074
958.038	0.0732
958.461	0.0240
958.885	0.0617
959.309	0.1097
959.732	0.0371
960.156	0.0879
960.580	0.0322
961.003	0.0256
961.427	0.0072
961.851	-0.0330
962.275	0.0070
962.699	0.0365
963.123	0.0575
963.547	0.0076
963.971	0.0292
964.395	0.0000
964.819	0.0334
965.243	0.1018
965.668	0.1096
966.092	0.0316
966.516	0.0615
966.940	0.0664
967.365	0.0879
967.789	0.0172
968.214	0.0875
968.638	0.0173
969.063	0.0345
969.487	0.0417
969.912	0.0365
970.337	0.0189
970.761	-0.0369
971.186	-0.0031
971.611	-0.0473
972.036	0.0302
972.461	-0.0108
972.885	0.0254
973.310	0.0334
973.735	0.0348
974.161	-0.0685
974.586	-0.0760
975.011	-0.0113
975.436	0.0375
975.861	0.0115
976.286	0.0116
976.712	0.0502
977.137	0.1201
977.562	0.0360
977.988	0.0897
